3 0.7382166875 0.35217415625 0.7629364038461539 0.35791690624999994 0.7775048221153846 0.34836578365384613 0.8009070216346154 0.3242607331730769 0.81152171875 0.3130063629807692 0.82651053125 0.29692563701923075 0.8325232139423077 0.2859994951923077 0.8336631995192308 0.2733540673076923 0.83401253125 0.25334077403846156 0.8354160673076922 0.2431512980769231 0.8328231057692308 0.2337091826923077 0.8249085384615384 0.23071112259615384 0.8200857451923077 0.22613279086538463 0.8112664567307692 0.22230181730769233 0.8008299903846154 0.2233453269230769 0.7860835721153846 0.22553928125 0.7658301850961539 0.24479658653846154 0.7492954831730769 0.26166744951923077 0.7374554807692307 0.27290043028846156 0.7284009302884615 0.2825477980769231 0.7220534038461538 0.2951023293269231 0.7234992524038462 0.31759831009615386 0.7283360721153845 0.33892780048076926 0.7382166875 0.35217415625
2 0.045498399038461534 0.4520278677884615 0.05748052163461538 0.46776225721153847 0.06315123076923077 0.45887293990384614 0.051169108173076926 0.4431385528846154 0.045498399038461534 0.4520278677884615
2 0.38385652644230767 0.2021760216346154 0.37094806490384613 0.20440205769230768 0.3733273774038462 0.2085291802884615 0.3844121442307692 0.2054541923076923 0.38385652644230767 0.2021760216346154
2 0.38385652644230767 0.2021760216346154 0.3908946610576923 0.22027546634615386 0.3946133461538462 0.21788902403846155 0.38634991105769234 0.19976818990384615 0.38385652644230767 0.2021760216346154
2 0.34810884615384613 0.2138088125 0.3579540480769231 0.21152931009615386 0.35741268990384617 0.2074342692307692 0.3475674855769231 0.20971377403846156 0.34810884615384613 0.2138088125
2 0.3464705096153846 0.20234056730769232 0.34699761057692313 0.2072524735576923 0.3586665096153846 0.20582192067307695 0.3587805793269231 0.19928696634615387 0.3464705096153846 0.20234056730769232
2 0.22814980528846154 0 0.2356826658653846 0.019006579326923075 0.2393585769230769 0.01907074278846154 0.22867563221153847 0 0.22814980528846154 0
2 0.5473651129807693 0.06857138221153845 0.5578657451923077 0.06385196634615385 0.5567545096153846 0.057295625 0.5456269687499999 0.06282121875 0.5473651129807693 0.06857138221153845
2 0.57440734375 0.06414070192307691 0.5866176009615385 0.0668051826923077 0.5873158052884615 0.06191466586538462 0.5744786346153846 0.06005635576923077 0.57440734375 0.06414070192307691
2 0.6100837283653846 0.056592254807692303 0.6198148653846154 0.06084770192307692 0.6199289350961539 0.05431275000000001 0.6102263149038462 0.04842356490384615 0.6100837283653846 0.056592254807692303
2 0.5878571634615384 0.06600970432692307 0.5958358942307692 0.06533185576923077 0.5958929278846153 0.062064379807692305 0.5867174110576923 0.061087103365384615 0.5878571634615384 0.06600970432692307
2 0.8649275072115384 0.44835446153846154 0.8735331490384616 0.4468704375 0.8723933966346155 0.44194783653846154 0.8644146658653846 0.44262568509615385 0.8649275072115384 0.44835446153846154
2 0.8800156658653846 0.4616917139423077 0.8755987764423078 0.4689686778846154 0.8773796995192308 0.4722682331730769 0.883021891826923 0.46501265865384617 0.8800156658653846 0.4616917139423077
2 0.7613318581730769 0.48495073317307696 0.7646513076923077 0.5054366225961539 0.7677288245192307 0.5046732235576923 0.7644236346153845 0.4833704663461538 0.7613318581730769 0.48495073317307696
2 0.5513596923076923 0.7525688052884616 0.5506757475961538 0.7566424567307692 0.5524566682692308 0.7599420144230769 0.5623589086538462 0.75439503125 0.5618032908653846 0.7511168629807692 0.5513596923076923 0.7525688052884616
2 0.1676966346153846 0.7891791899038462 0.17908036298076924 0.804086016826923 0.18412416346153845 0.7960028774038462 0.17393722115384616 0.7827511754807692 0.1676966346153846 0.7891791899038462
2 0.4774519831730769 0.03630056490384615 0.47101224038461537 0.019028682692307692 0.4737332956730769 0.03868700721153846 0.4774519831730769 0.03630056490384615
2 0.422395625 0.27638933894230766 0.4352613125 0.2766139110576923 0.4353326057692308 0.2725295625 0.4224098846153846 0.27557246875 0.422395625 0.27638933894230766