2 0.5750301129807692 0.8993672115384614 0.5985181442307692 0.8952890288461539 0.5954130264423078 0.8897714302884616 0.5713992692307692 0.8949038533653847 0.5750301129807692 0.8993672115384614
2 0.6091011538461538 0.8526154903846154 0.6037623725961538 0.8520564350961538 0.6048872740384615 0.8553132980769231 0.6150171778846154 0.8653192307692308 0.6201544399038461 0.8631665552884615 0.6091011538461538 0.8526154903846154
2 0.5580678317307692 0.7874167475961538 0.5635373725961539 0.7872342307692308 0.5631262692307692 0.7760746322115384 0.5586401105769231 0.7726073990384615 0.5529417427884615 0.7740876658653846 0.5528571225961538 0.7842040721153847 0.5580678317307692 0.7874167475961538
2 0.5550804399038461 0.7484674086538461 0.5687462235576923 0.7422749855769231 0.5660414519230769 0.7402688052884615 0.5526018100961538 0.7432514326923076 0.54558778125 0.7464112836538461 0.54269225 0.7493415504807692 0.548594829326923 0.7524850625 0.5550804399038461 0.7484674086538461
2 0.4463366009615385 0.6732839014423077 0.4704076682692308 0.6620445504807692 0.4665153076923077 0.6590643365384616 0.45672843990384615 0.6586767499999999 0.4400690576923077 0.6683556201923077 0.44254499759615384 0.6716595528846153 0.4463366009615385 0.6732839014423077
2 0.4332335793269231 0.5876289807692308 0.4451744567307693 0.6201284615384615 0.44541404567307696 0.6264788918269232 0.4488733701923077 0.6261330793269231 0.5229683028846154 0.6183618870192308 0.5226660288461539 0.6142942884615384 0.5208411923076923 0.6053704519230769 0.5124465360576923 0.5874507355769231 0.5104663197115384 0.5851899975961539 0.4323321274038462 0.5792502740384615 0.4281128677884615 0.5781239903846154 0.4332335793269231 0.5876289807692308
2 0.42099538942307696 0.5780159302884615 0.41885710576923074 0.5805062475961539 0.42259946634615386 0.5939736538461539 0.4269002427884615 0.6062014254807692 0.4320917139423077 0.6191597211538462 0.43450765625000004 0.6266585288461539 0.4391545721153846 0.6272867499999999 0.4401733341346154 0.62536365625 0.4446214206730769 0.6251921899038462 0.44441452403846154 0.6186563653846153 0.43515379326923076 0.59408459375 0.43131874278846155 0.5849974591346154 0.4283797668269231 0.5804649375 0.42360209134615384 0.5805782884615385 0.42099538942307696 0.5780159302884615
2 0.5173007620192307 0.5714848413461538 0.5211035384615385 0.5576274302884616 0.5188891153846154 0.5528403557692307 0.5102598365384615 0.5555242355769231 0.5076119639423077 0.5705410721153846 0.5120954302884615 0.5720962572115385 0.5173007620192307 0.5714848413461538
2 0.4311886057692308 0.3987874783653846 0.43098170913461537 0.3922516538461539 0.4201380072115385 0.3901484591346154 0.38711924519230767 0.38853181730769226 0.38831490625000004 0.3952419855769231 0.4226193269230769 0.39727648317307696 0.4311886057692308 0.3987874783653846
2 0.49980634375000005 0.3623327283653846 0.5078198942307692 0.3669954038461538 0.5166780024038462 0.3630137716346154 0.48884574519230767 0.3474013966346154 0.4655677163461539 0.33679750721153845 0.44922985336538457 0.34079835817307697 0.4532529735576923 0.34303700000000004 0.47276940144230767 0.3499191009615385 0.49980634375000005 0.3623327283653846
2 0.19227007451923078 0.21577689903846153 0.1910771057692308 0.2109787764423077 0.18063375 0.212387 0.1488594783653846 0.22876740865384615 0.15947973076923078 0.23599244471153843 0.19016717067307692 0.21999387019230768 0.19227007451923078 0.21577689903846153
2 0.7139364927884616 0.6088332235576923 0.7205936225961539 0.6096247427884616 0.7252051586538462 0.6085263076923076 0.7181315432692308 0.5927510985576923 0.7085735048076922 0.5910657572115384 0.7055772139423078 0.5926401610576923 0.7115232403846155 0.6032464591346154 0.7139364927884616 0.6088332235576923
2 0.7380636298076924 0.6608767668269231 0.7449495889423077 0.6603705336538461 0.7460337307692307 0.65807665625 0.7264138557692307 0.6479266442307693 0.7222926634615384 0.6462441802884615 0.7179453365384615 0.647771514423077 0.7194652043269231 0.6507157067307693 0.7380636298076924 0.6608767668269231
4 0.5700941586538462 0.4590266538461538 0.5660956586538461 0.4508664855769231 0.548995173076923 0.4514831923076923 0.5284680504807693 0.4522603197115385 0.5311781995192308 0.4580905913461538 0.5410985192307692 0.45964865625 0.5700941586538462 0.4590266538461538
4 0.5289817788461538 0.5129477115384615 0.5264050769230769 0.5082879134615385 0.5045269158653846 0.5090179735576923 0.4849558677884615 0.5101548413461539 0.48684070432692306 0.5148838028846154 0.5092119014423078 0.5132848894230769 0.5289817788461538 0.5129477115384615
2 0.3885458052884615 0.27829454567307693 0.38915573798076925 0.29025383173076924 0.39500369230769233 0.3014163125 0.4014754423076923 0.3109683701923077 0.41718371634615387 0.3278837908653846 0.43318619951923076 0.3431306706730769 0.5175775913461538 0.32322055528846155 0.5010390384615385 0.2782497956730769 0.48706290865384616 0.2746384855769231 0.45611167548076925 0.26707821875 0.43913656971153847 0.26312926442307694 0.4194266923076923 0.2592715673076923 0.3886115961538461 0.25479381971153847 0.3885458052884615 0.27829454567307693
2 0.3245658774038462 0.21520957692307693 0.30970712259615385 0.21660387740384615 0.30094708653846153 0.22002933173076922 0.2924458798076923 0.22005959615384615 0.29859073076923076 0.23146558653846153 0.3204688942307692 0.2307355264423077 0.3319036995192307 0.23141368990384617 0.34798004567307694 0.22889598317307694 0.3709123485576923 0.22796948317307694 0.3867871730769231 0.22274004086538463 0.3712911778846154 0.21618453846153846 0.3507913677884615 0.2129521826923077 0.3245658774038462 0.21520957692307693
2 0.08968164182692308 0.018955884615384614 0.08398058173076922 0.01852410576923077 0.0857754158653846 0.029545382211538462 0.13432824519230768 0.04135622596153846 0.15172831730769232 0.04289506971153846 0.14735947115384615 0.029126040865384617 0.1385913653846154 0.026815360576923075 0.12810994230769232 0.024584889423076923 0.12128398076923076 0.02089624278846154 0.10853082451923077 0.019985617788461536 0.0891805360576923 0.014088598557692308 0.08968164182692308 0.018955884615384614
4 0.42233443028846157 0.33529134134615385 0.41336480528846153 0.33026892788461537 0.39887102163461535 0.3334479951923077 0.3929980288461538 0.35133698076923076 0.40433745673076926 0.3544833725961538 0.4160884038461538 0.3456594254807692 0.42233443028846157 0.33529134134615385
4 0.40256682692307694 0.056157213942307695 0.38439874999999996 0.04741013701923077 0.3709725552884615 0.05995299278846154 0.40061619711538465 0.07492897836538462 0.40551656249999996 0.06833791826923077 0.40256682692307694 0.056157213942307695
4 0.4889810576923077 0.3967437908653846 0.49352183413461537 0.3921920528846154 0.4888041586538462 0.3881105288461538 0.4594189302884616 0.39286929086538463 0.4568556778846154 0.39776971875 0.4834461370192308 0.3972970913461538 0.4889810576923077 0.3967437908653846
4 0.6323971826923077 0.9228635721153846 0.6556998317307693 0.9275459302884616 0.6566505264423077 0.924081579326923 0.6328221514423077 0.9204534639423076 0.6323971826923077 0.9228635721153846