2 0.5250099663461538 0.9520053269230769 0.4965622548076923 0.9482582740384615 0.4861297235576923 0.9490763269230769 0.4581210985576923 0.9515878918269232 0.4607135625 0.9601344375 0.48379745432692306 0.9570368365384615 0.49423871394230773 0.9557188605769231 0.5211248365384615 0.9546879302884614 0.5250099663461538 0.9520053269230769
1 0.4608651105769231 0.5430735624999999 0.51457190625 0.5447611322115384 0.5288241201923077 0.54500990625 0.5469701923076923 0.5420761514423077 0.55046859375 0.5301353870192307 0.5357380264423077 0.52587765625 0.5045669591346154 0.5210829158653846 0.4815354230769231 0.5211809735576923 0.45900842067307696 0.5237882211538462 0.4402531033653846 0.530211875 0.44014838942307694 0.5362109615384616 0.44941478846153843 0.5393731634615384 0.4608651105769231 0.5430735624999999
2 0.46252863701923075 0.5105976490384616 0.46214627163461536 0.5010895264423076 0.45391075000000003 0.501695889423077 0.45373186298076923 0.511944329326923 0.46252863701923075 0.5105976490384616
2 0.33342693990384614 0.5245966442307692 0.35160355048076924 0.5199131586538461 0.3439990889423077 0.5157798125 0.327453875 0.5212418894230769 0.33342693990384614 0.5245966442307692
2 0.7352301706730769 0.4373457908653846 0.74256134375 0.42572196634615384 0.7321680793269232 0.4242903605769231 0.7292003870192307 0.4372405408653846 0.7352301706730769 0.4373457908653846
2 0.6165380048076923 0.3890169663461539 0.6429675889423077 0.38272726682692304 0.6375514134615384 0.37888215625000005 0.6127663149038461 0.3852005600961539 0.6165380048076923 0.3890169663461539
2 0.6347975144230769 0.3795842019230769 0.6343017091346154 0.3765750889423077 0.6145024278846154 0.3799800625 0.6221156129807692 0.3836134855769231 0.6347975144230769 0.3795842019230769
2 0.824132 0.2761227860576923 0.7780253004807692 0.2788185240384615 0.7730133052884616 0.2832317235576923 0.8235053028846154 0.28061253125 0.824132 0.2761227860576923
2 0.782600985576923 0.29940151442307694 0.7910721129807693 0.28529720913461537 0.775184139423077 0.2845198076923077 0.769462545673077 0.29817203124999997 0.782600985576923 0.29940151442307694
2 0.8958266129807692 0.2211156514423077 0.8889797427884615 0.20499370192307692 0.8736050264423076 0.2062255625 0.8837146875 0.22390469471153845 0.8958266129807692 0.2211156514423077
2 0.6711884399038461 0.053919709134615385 0.6351755384615385 0.04378965625 0.62686584375 0.0486453701923077 0.6661459038461538 0.06008264423076923 0.6711884399038461 0.053919709134615385
2 0.3260585120192308 0.06714837740384615 0.3316361225961538 0.06174489663461539 0.3022011658653846 0.05172966105769231 0.3004083341346154 0.060199661057692304 0.3260585120192308 0.06714837740384615
2 0.7500610913461538 0.4358543990384615 0.7540378437499999 0.42792259374999997 0.7474642620192308 0.42755781249999997 0.7418168413461538 0.4369606850961538 0.7500610913461538 0.4358543990384615
2 0.4219848653846154 0.5401445625 0.4325308413461538 0.5328275 0.42708848798076926 0.5304821610576923 0.4165250625 0.5387990697115385 0.4219848653846154 0.5401445625
2 0.36984956971153843 0.6054946298076923 0.37488774278846154 0.59958165625 0.36666531009615383 0.5994381346153846 0.3638372379807692 0.60438953125 0.36984956971153843 0.6054946298076923
4 0.3605280168269231 0.9196297908653845 0.35727831009615385 0.9173227235576923 0.3462932524038462 0.9183811682692308 0.34954731971153846 0.9204382740384616 0.3605280168269231 0.9196297908653845
4 0.04291334855769231 0.016199052884615386 0.052575199519230766 0.028119490384615385 0.06564382692307692 0.033348365384615386 0.07086366346153847 0.04844176442307692 0.08339721875 0.05291118509615385 0.07468929807692307 0.01775385576923077 0.04291334855769231 0.016199052884615386
4 0.46615477884615386 0.20861493990384616 0.48632333413461537 0.2154679735576923 0.49240983894230766 0.21232371875 0.4935934230769231 0.20734361778846155 0.48391412019230773 0.1964230264423077 0.47355575961538465 0.19299172596153846 0.47856775480769226 0.18857852403846154 0.46598620432692306 0.18685868509615386 0.45939517067307695 0.18749375240384614 0.4619265504807692 0.19953976442307694 0.4612824014423077 0.20502935817307694 0.46615477884615386 0.20861493990384616
4 0.9203090673076922 0.26354939182692305 0.9014403125 0.2764720552884615 0.907883 0.2843356923076923 0.9198771201923077 0.2882956225961538 0.9254023725961538 0.28589168509615387 0.940220204326923 0.2851501802884615 0.9435789855769231 0.2812081971153846 0.9203090673076922 0.26354939182692305
4 0.799901016826923 0.25069602403846153 0.7714096754807692 0.24944859134615383 0.7361396874999999 0.2595845889423077 0.7442443149038461 0.2664770841346154 0.799901016826923 0.25069602403846153
3 0.9876909663461538 0.2357211298076923 0.9712199230769231 0.23693385576923076 0.9694532716346154 0.2439040841346154 0.9776277067307693 0.24679718990384616 0.994151108173077 0.24258492067307694 0.9942165552884615 0.23883549038461538 0.9876909663461538 0.2357211298076923