3 0.18404115865384615 1 0.1796413221153846 0.9949164086538461 0.18552712259615384 0.9865624134615385 0.1815896346153846 0.9808802668269231 0.13964293990384616 0.996614735576923 0.14323057211538462 1 0.18404115865384615 1
3 0.3097861802884615 0.8173680264423078 0.2992838389423077 0.8125505841346155 0.28561905528846154 0.8150394447115384 0.26148246875000003 0.8144605985576923 0.2479922091346154 0.8269479375 0.2316651466346154 0.8339839567307692 0.2256789951923077 0.836588826923077 0.2143770216346154 0.8487879302884616 0.21305104086538462 0.8670638557692307 0.22850429326923075 0.87279503125 0.24829048557692307 0.8754501201923077 0.26360412019230767 0.8731825144230769 0.28149713221153844 0.8616184759615385 0.28631278846153846 0.8547833918269231 0.2949612139423077 0.8476313653846154 0.30527594230769234 0.8417004471153846 0.30727224999999997 0.8304138870192308 0.30770697355769233 0.8239053076923077 0.3097861802884615 0.8173680264423078
3 0.23944968028846156 0.7773394711538462 0.22088634134615384 0.781914141826923 0.20955382451923077 0.7923635120192307 0.20093157692307692 0.8010153100961539 0.18791093990384616 0.808993766826923 0.17712658653846153 0.8194335697115385 0.18050282211538463 0.8243753990384615 0.18662859375000002 0.8297693100961538 0.1845450216346154 0.8360566322115385 0.19775763221153844 0.8390764999999999 0.20541008653846154 0.8376927355769231 0.21528136778846155 0.83777046875 0.2311169855769231 0.8339935240384615 0.24744404567307693 0.8269575072115385 0.26037305528846155 0.8137298485576923 0.27066160576923076 0.8062991586538462 0.2814459591346154 0.7958593557692308 0.2801663846153846 0.7853800913461538 0.2696771346153846 0.7813125336538461 0.25810028125 0.7777640360576924 0.2482159110576923 0.7769364158653846 0.23944968028846156 0.7773394711538462
3 0.2011441826923077 0.8760230240384614 0.20618235576923077 0.8819359951923077 0.22264903365384617 0.8828987596153847 0.24122110096153845 0.8788240120192307 0.22852174519230767 0.8737948798076923 0.21305104086538462 0.8670638557692307 0.21437265865384614 0.8485379687500001 0.20344431971153845 0.8507290288461539 0.19641856490384615 0.8566025384615384 0.19270359615384616 0.8636684495192307 0.2011441826923077 0.8760230240384614
3 0.12353640625000001 0.8906296899038462 0.10867931009615385 0.8876385264423077 0.09240896875000001 0.8979240504807693 0.10573065865384615 0.9071929663461538 0.13082394951923076 0.8997538942307692 0.12353640625000001 0.8906296899038462
3 0.37594799999999995 0.80671171875 0.3686997235576923 0.799837173076923 0.337980829326923 0.7991231826923078 0.34261918750000003 0.8135444278846153 0.3629360889423077 0.8151901009615384 0.37594799999999995 0.80671171875
3 0.46342665144230766 0.6979184375 0.4641449759615384 0.7076573846153846 0.4708756298076923 0.7162912331730769 0.47967676442307694 0.717887875 0.49277593509615386 0.7144087331730768 0.5031953798076922 0.7144768990384616 0.5091553533653846 0.7103722572115385 0.5189873653846153 0.7082003341346154 0.5132701370192307 0.6947980721153846 0.5006187764423077 0.6925185216346155 0.48913355048076923 0.6942192259615385 0.46342665144230766 0.6979184375
4 0.41328171153846155 0.589527079326923 0.4308578028846154 0.5912205913461539 0.44903877884615384 0.5961540408653846 0.4746322355769231 0.5859558197115384 0.45478059615384614 0.5795513028846154 0.43220996153846153 0.5744444375 0.4197374903846154 0.5824133269230769 0.41328171153846155 0.589527079326923
3 0.20457948557692307 0.41314256971153845 0.20412294951923077 0.4184013389423077 0.19329496153846154 0.42634152163461536 0.20979654807692308 0.42930398076923076 0.21578706009615384 0.42694907451923075 0.21479545192307692 0.4329672956730769 0.20790058894230767 0.4463396658653846 0.21496125 0.44246584855769233 0.2145788846153846 0.4519739711538462 0.22239713701923075 0.46008875961538465 0.23023720432692307 0.46945335817307693 0.2309337115384615 0.47794249519230764 0.23697658413461536 0.4785871298076923 0.24187950240384615 0.4767512836538461 0.2454592139423077 0.4619365528846154 0.25305931009615384 0.4575532451923077 0.25837949759615386 0.44820897115384617 0.25640777644230767 0.42949053125 0.25669851923076925 0.41473320913461537 0.24676615144230768 0.4111560096153846 0.22196796634615384 0.40408772115384617 0.20457948557692307 0.41314256971153845
3 0.39836590384615383 0.45751728846153844 0.39926588701923077 0.4462498653846154 0.39799940144230767 0.43652048798076926 0.3907903942307692 0.4318955985576923 0.3895806298076923 0.4254157235576923 0.3807096850961538 0.41981969230769234 0.37253961057692303 0.4229627572115385 0.36556184855769225 0.43158584855769233 0.3656403846153846 0.43608516346153847 0.3597153149038462 0.44218949999999996 0.36362226201923076 0.44612191346153846 0.37026128846153844 0.4495065625 0.36708139423076924 0.4558130192307692 0.35454783894230774 0.46028243990384615 0.33823386538461536 0.4680683461538461 0.3283756754807692 0.4687404975961539 0.3203452211538461 0.47988234375 0.32206387980769235 0.48410299278846153 0.3204630240384615 0.48663131730769227 0.32111590144230767 0.4926208341346153 0.3331187475961539 0.48916082932692306 0.3555584879807692 0.48676883653846154 0.3718637331730769 0.47848300961538465 0.3761137740384616 0.4706576442307692 0.35591467548076927 0.47576094471153846 0.34713971634615387 0.4756640721153846 0.3700534495192308 0.4690131610576923 0.39080943509615385 0.46440021634615386 0.39836590384615383 0.45751728846153844
3 0.23945757692307693 0.24375806490384616 0.23937031490384617 0.23875882692307693 0.22447394951923078 0.23351800721153845 0.21727367067307693 0.22939304086538462 0.20358270673076923 0.2303821298076923 0.20145986778846153 0.23441979567307694 0.19716183413461538 0.23949557932692309 0.19613968028846152 0.2437640673076923 0.17915101923076923 0.24431064423076923 0.16058768028846154 0.24888531490384616 0.1453089519230769 0.25315261538461536 0.1421072403846154 0.2582092644230769 0.14277756971153846 0.2651986298076923 0.13955404326923077 0.26900546875 0.12525383173076923 0.2665046610576923 0.12424477163461539 0.27152303365384617 0.13196267307692308 0.2738886995192308 0.14798154086538462 0.28061015624999996 0.15507274278846153 0.2784860721153846 0.1478768269230769 0.2746110697115384 0.1423428485576923 0.2717072067307692 0.15769138701923074 0.2714392980769231 0.1685891826923077 0.26749850480769227 0.18664799038461538 0.26543302163461535 0.19983006009615384 0.26670315625 0.21622256730769232 0.2634165673076923 0.2172403557692308 0.2588981153846154 0.22876048557692308 0.2591971057692308 0.2363038605769231 0.25156429326923074 0.23945757692307693 0.24375806490384616
4 0.2884887644230769 0.6967213413461538 0.26614342307692307 0.6731077259615385 0.25333062980769233 0.6615795841346154 0.20607524759615387 0.6559034399038463 0.21941875 0.6664221658653846 0.23719554567307694 0.6796139254807693 0.2884887644230769 0.6967213413461538
4 0.366822 0.6608487740384615 0.35456173317307693 0.6495610264423076 0.34082277403846156 0.6478005360576924 0.32369608413461537 0.6718531009615384 0.3500165889423077 0.6718937524038461 0.366822 0.6608487740384615
4 0.13926889903846154 0.9123584302884615 0.13830346875 0.9198764230769231 0.12789275240384615 0.9203081826923077 0.11868307211538462 0.9267198894230769 0.1275583798076923 0.9325658846153846 0.1369120408653846 0.934402920673077 0.14573935576923078 0.9374993341346154 0.15616752644230772 0.938067423076923 0.15858705288461536 0.9510271706730768 0.17013772596153845 0.9530758966346154 0.17822926682692308 0.9454335144230769 0.17205986298076922 0.937539983173077 0.17466105528846151 0.9294933605769231 0.17127609134615385 0.9240516081730769 0.15912053846153845 0.9187629471153845 0.16016450480769232 0.9157442668269231 0.1539558341346154 0.9056010793269231 0.1451590625 0.9042543990384615 0.13926889903846154 0.9123584302884615