3 0.2766307067307692 0.8969587908653847 0.25174525721153845 0.8848912644230769 0.20750833413461536 0.8636600697115384 0.16107004086538462 0.8419672259615385 0.1268701971153846 0.8303123221153845 0.11270524278846154 0.8355603341346154 0.09957116826923076 0.8370397788461539 0.08983514423076923 0.8447108653846154 0.061732120192307685 0.8682049086538461 0.062350091346153845 0.8721947307692308 0.19626189423076923 0.9418682596153847 0.24116319471153844 0.9383340865384615 0.2565902692307692 0.9425654903846153 0.27679373076923075 0.9377121514423077 0.2793905600961538 0.9294155673076923 0.27369514663461536 0.9172631153846154 0.28057692067307693 0.903140860576923 0.2766307067307692 0.8969587908653847
3 0.24762333653846152 0.9314702956730769 0.2417026298076923 0.93782459375 0.2565902692307692 0.9425654903846153 0.27843821874999997 0.9376834471153846 0.27996053605769233 0.930655810096154 0.2765363076923077 0.9229643990384615 0.26942329086538463 0.9238386706730769 0.25685919230769233 0.926558358173077 0.24762333653846152 0.9314702956730769
4 0.06803836538461538 0.9153520312500001 0.0832909158653846 0.9095849591346153 0.08954757932692307 0.9224777283653847 0.1039786826923077 0.9324773942307693 0.11879215144230769 0.9329689375 0.1124744014423077 0.9165767019230769 0.10081901442307693 0.9085288894230769 0.10055722836538461 0.8935311754807693 0.08562159615384615 0.8860406971153847 0.059801257211538464 0.8832408966346155 0.047872581730769234 0.8909502548076923 0.05087081490384615 0.9056501682692308 0.06803836538461538 0.9153520312500001
4 0.46555821875000003 0.6943806971153846 0.45556636057692307 0.7188088004807691 0.42357820432692306 0.7396202403846155 0.4063162572115384 0.7559239855769231 0.39832943269230764 0.7695654519230769 0.40948464903846155 0.7803724134615385 0.4347699182692307 0.7839316658653845 0.4582448990384615 0.7780210721153846 0.4988989326923077 0.7510574543269232 0.5144814903846154 0.7327827163461538 0.5223766899038462 0.7138920504807692 0.5330170625 0.6952035024038461 0.5279352596153847 0.6867909110576923 0.5179548990384615 0.6804641298076923 0.4981425264423077 0.6763092692307692 0.48115822836538463 0.6771058076923077 0.46555821875000003 0.6943806971153846
4 0.4735656706730769 0.7447486201923077 0.4504599639423077 0.7404012067307693 0.4161788125 0.755501795673077 0.47979774759615385 0.7876463870192307 0.5183943870192308 0.7684698629807692 0.4735656706730769 0.7447486201923077
3 0.5109818798076924 0.4380489038461538 0.5296368461538461 0.4387234326923077 0.5372369399038461 0.434340125 0.5465906009615384 0.43617716105769233 0.5439065120192308 0.43947450721153847 0.5499711995192308 0.44136895192307696 0.5695959591346154 0.4347754495192308 0.5700786754807692 0.4310164519230769 0.5639790817307693 0.4271223125 0.5699041514423077 0.42101797596153845 0.5680371442307692 0.40829862259615385 0.5470150096153846 0.39766388942307695 0.5182269759615384 0.3819139110576923 0.50332625 0.37642312740384615 0.48104357932692304 0.3878137475961539 0.45650717788461537 0.39574317548076926 0.46657479807692304 0.40706919711538464 0.4810320769230769 0.4185686346153846 0.5109818798076924 0.4380489038461538
4 0.47647939423076924 0.37764185576923076 0.48210499759615383 0.38579491586538467 0.5011205120192308 0.3757115144230769 0.5182226129807692 0.38166394951923077 0.5348201875 0.39012556971153844 0.5247700192307693 0.37979939663461537 0.5076330096153846 0.3718472668269231 0.47635286538461535 0.3703929591346154 0.47647939423076924 0.37764185576923076
3 0.2517210264423077 0.3180553533653846 0.2381129591346154 0.32379372115384614 0.23220098076923076 0.33064794471153847 0.22906907932692308 0.33970398317307693 0.23803164903846152 0.3505492163461538 0.2491083341346154 0.3568568629807692 0.29301802403846156 0.3593409110576923 0.28965487740384616 0.3551489663461539 0.3054119591346154 0.34687270673076925 0.2970062764423077 0.3365178293269231 0.2814875769230769 0.32703722355769227 0.2517210264423077 0.3180553533653846
4 0.4851912764423077 0.24847013942307694 0.5102147572115384 0.23703167548076923 0.500260579326923 0.2322046658653846 0.47467148076923077 0.2426528485576923 0.4851912764423077 0.24847013942307694
4 0.4781524302884615 0.2535937644230769 0.4716050264423077 0.25545831490384613 0.47774388701923076 0.26160211298076924 0.4781524302884615 0.2535937644230769
4 0.9051695552884615 0.6544523389423078 0.9095068581730769 0.6516262139423077 0.88135425 0.64086590625 0.8786788846153846 0.6446631754807692 0.9051695552884615 0.6544523389423078
4 0.36899601201923077 0.722570233173077 0.3664471778846154 0.7336163990384615 0.3988454639423077 0.7363013798076923 0.3800203365384615 0.7258783365384616 0.36899601201923077 0.722570233173077
4 0.2437960673076923 0.17817235817307694 0.24931259375 0.18007637259615386 0.2541195216346154 0.17274136298076923 0.25128708413461537 0.1675400048076923 0.24684506971153847 0.16436704326923077 0.243591 0.16642414903846153 0.24748921875000002 0.16985663942307694 0.2437960673076923 0.17817235817307694