2 0.4601938533653846 0.4398598533653846 0.4620702716346154 0.4493916009615385 0.4561638317307692 0.5068953173076923 0.4605443293269231 0.5134065817307693 0.4727064663461539 0.518828 0.48696959134615386 0.5209154807692308 0.4992600552884615 0.5189850769230769 0.50588590625 0.5138916033653846 0.5289412451923077 0.45699364182692304 0.530316264423077 0.4484379038461539 0.519884108173077 0.4375311394230769 0.5044544951923077 0.4320526850961538 0.4914273677884615 0.42937394471153845 0.47752455288461537 0.4300505264423077 0.4660081826923077 0.43444579567307695 0.4601938533653846 0.4398598533653846
4 0.5774820024038462 0.41463581490384616 0.5721670072115385 0.41484946153846153 0.5676635360576923 0.4153836899038461 0.5668573581730769 0.41475678125000004 0.5627409326923076 0.41652344230769234 0.5594199879807692 0.41952966826923077 0.5584961802884615 0.42564192788461536 0.5571585913461539 0.43205338221153844 0.5558530817307692 0.4366268822115385 0.5644141658653846 0.43769557451923075 0.5660051298076924 0.44017469951923077 0.5684343485576924 0.44144277884615385 0.5733355625000001 0.44152832932692304 0.5774733774038462 0.43853636298076926 0.5819928918269232 0.43708315625 0.5856527620192308 0.4380662956730769 0.5872330288461538 0.4411580721153846 0.5961544254807692 0.44499082692307695 0.6001906490384615 0.4478190504807692 0.6050704735576923 0.44912990625 0.6070859134615385 0.4506971802884615 0.6062048798076923 0.45435883413461536 0.6082898269230769 0.4519438725961538 0.6116268149038462 0.44801867067307694 0.6112932379807693 0.4437229807692308 0.6129483653846154 0.4425261923076923 0.6130285697115384 0.4379313052884616 0.6122758605769231 0.43424113461538466 0.6077830817307692 0.43416271153846153 0.6057836850961539 0.4316764591346154 0.6017848918269231 0.4267039543269231 0.5973616225961538 0.42264329567307696 0.5945507019230769 0.4198364567307692 0.5909496490384616 0.4154837331730769 0.5865103389423078 0.41234205288461534 0.5783683822115384 0.4106678365384615 0.58036778125 0.4131540913461539 0.5774820024038462 0.41463581490384616
2 0.5945387956730769 0.46733122836538465 0.5996752740384615 0.45393843990384614 0.5947847548076923 0.4532402379807693 0.5879931490384616 0.4678298125 0.5920454110576923 0.46973906009615385 0.5945387956730769 0.46733122836538465
2 0.5794501730769231 0.4891300408653846 0.5819221682692308 0.48794751201923076 0.5927981201923077 0.47342923076923077 0.5895627259615385 0.4715342403846154 0.5862845552884616 0.4720898581730769 0.5762254735576924 0.48662239903846155 0.5794501730769231 0.4891300408653846
2 0.5739352740384616 0.47738984615384616 0.5517514855769231 0.4843566875 0.5516873221153846 0.48803259855769227 0.5763110240384616 0.48172118269230774 0.5739352740384616 0.47738984615384616
2 0.5604483076923077 0.5010551298076923 0.5601595745192308 0.5175967283653846 0.5667159134615385 0.5164854903846154 0.5661770865384615 0.5005422860576924 0.5604483076923077 0.5010551298076923
2 0.5475174230769231 0.4928625216346154 0.5369943725961538 0.4871632932692308 0.5344475192307692 0.4926343846153846 0.5441750913461538 0.4970940480769231 0.5475174230769231 0.4928625216346154
2 0.5462193317307692 0.5204175913461538 0.5352899110576923 0.5379991322115385 0.5426417331730768 0.5381274591346153 0.5510884639423077 0.5223410985576923 0.5462193317307692 0.5204175913461538
2 0.5293324278846154 0.5048018701923077 0.5341587860576923 0.5091759807692308 0.5391027740384615 0.5068109278846153 0.5318899735576923 0.49871812499999996 0.5293324278846154 0.5048018701923077
2 0.5276238341346153 0.5090619134615385 0.5432192019230769 0.5050442644230769 0.5432833653846154 0.5013683533653845 0.5276879975961538 0.5053860048076924 0.5276238341346153 0.5090619134615385
2 0.5488945096153846 0.5075946802884616 0.5267748822115385 0.510885610576923 0.5267000240384616 0.515174173076923 0.5488196514423077 0.5118832403846154 0.5488945096153846 0.5075946802884616
2 0.5568279350961538 0.5212156033653846 0.5563960432692308 0.4991458822115385 0.5515055240384615 0.49844767788461536 0.5519160264423077 0.521742704326923 0.5568279350961538 0.5212156033653846
2 0.586637454326923 0.45187234855769226 0.5998036009615384 0.4465866201923077 0.5933114254807692 0.4440219447115385 0.5850464903846154 0.44939322355769235 0.586637454326923 0.45187234855769226
2 0.57772675 0.4474269423076923 0.5785115384615385 0.44927915625 0.5834234447115384 0.44875205528846157 0.5933328125 0.4427966418269231 0.5868406370192308 0.4402319663461538 0.57772675 0.4474269423076923
2 0.5679564038461539 0.44541788701923074 0.558164670673077 0.44463413221153847 0.5564774615384616 0.44766887259615384 0.5678922403846154 0.4490937956730769 0.5679564038461539 0.44541788701923074
2 0.8253943389423076 0.3959816995192308 0.8244598389423078 0.4027066105769231 0.8293396658653845 0.4040174663461539 0.8311124230769231 0.3960815096153846 0.8253943389423076 0.3959816995192308
2 0.4173837235576923 0.92631915625 0.41719123317307694 0.9373468870192307 0.4221031418269231 0.9368197884615385 0.42308041826923076 0.9276442692307693 0.4173837235576923 0.92631915625