2 0.46763670673076924 0.5066647788461538 0.47251482692307695 0.5151135841346154 0.4870372764423077 0.5015715336538462 0.4773347019230769 0.4301346033653846 0.47190898076923077 0.42055655048076923 0.4581392668269231 0.43219930288461533 0.46763670673076924 0.5066647788461538
4 0.24585860817307692 0.20717163221153845 0.24198749278846154 0.102774625 0.2451911466346154 0.07544060336538462 0.2198296923076923 0.08653482692307693 0.2077480096153846 0.13191742307692308 0.19994088942307692 0.16517534134615383 0.19502944951923076 0.20820139423076922 0.24585860817307692 0.20717163221153845
3 0.4753641610576923 0.5132808846153846 0.4896910841346154 0.51061078125 0.48946955528846153 0.5068174254807692 0.47681256250000004 0.5087893221153846 0.4739129326923077 0.5089075625 0.4753641610576923 0.5132808846153846
3 0.7861993100961538 0.27470026682692306 0.7692507788461539 0.23560752884615385 0.7496072139423077 0.2587231466346154 0.7371039399038462 0.27470330288461536 0.7352944399038462 0.3057176778846154 0.7422555913461538 0.31627606009615383 0.7533974975961539 0.31025936538461535 0.7616002067307692 0.2917385889423077 0.7823706346153846 0.30327654086538464 0.7924715817307693 0.28682942548076923 0.7861993100961538 0.27470026682692306
4 0.8455155817307692 0.6118240360576923 0.8400288293269231 0.6114393942307692 0.8345454903846155 0.6662870408653846 0.8360119927884615 0.6962335288461539 0.8441819182692308 0.6640689399038462 0.8455155817307692 0.6118240360576923
4 0.9374610360576923 0.2611446346153846 0.9298290985576922 0.2865950769230769 0.9333334086538462 0.28829905528846156 0.9415835865384616 0.26262784855769233 0.9374610360576923 0.2611446346153846
2 0.866425935096154 0.08198286057692307 0.8651662812500001 0.07662397115384614 0.8609391850961539 0.08159821634615386 0.8662264567307693 0.10274118028846153 0.8666706370192307 0.09157663461538462 0.866425935096154 0.08198286057692307
2 0.6502483413461538 0.18383717548076922 0.6367843581730769 0.1958802908653846 0.6373619158653846 0.20178846634615383 0.6509468317307692 0.1901097956730769 0.6502483413461538 0.18383717548076922
2 0.653230110576923 0.6637727524038461 0.65011065625 0.6877137860576923 0.6551571802884616 0.6893766009615384 0.6582766322115384 0.6654355721153846 0.653230110576923 0.6637727524038461
2 0.5746821658653846 0.1483515048076923 0.5769624326923076 0.1672052860576923 0.5805074326923078 0.16278032451923077 0.5777937163461538 0.14418322596153846 0.5746821658653846 0.1483515048076923
2 0.5383574062500001 0.2128872403846154 0.5259422836538461 0.21558802644230768 0.5257671009615384 0.22339550240384615 0.5376346201923077 0.21956546634615387 0.5383574062500001 0.2128872403846154