2 0.4366193701923077 0.5344131129807692 0.4462783870192307 0.5333745817307692 0.5030485048076924 0.5442703245192309 0.5099167788461538 0.5404739903846154 0.5163775673076922 0.5288306418269231 0.5197002163461538 0.5148037283653847 0.5188483413461539 0.5023917884615384 0.5143517331730769 0.49534722355769234 0.45967968990384617 0.46742063221153846 0.45127635096153845 0.4653051658653846 0.4395018653846154 0.4747470360576923 0.43269948076923076 0.4896404567307692 0.4288955456730769 0.5023845432692308 0.42835784134615384 0.516293423076923 0.43173266826923073 0.5281490432692307 0.4366193701923077 0.5344131129807692
4 0.4217136538461539 0.4153728605769231 0.4214632548076923 0.42068625000000004 0.4216029447115384 0.42521914903846153 0.4209081610576923 0.42596761778846154 0.42230932692307693 0.43022235576923074 0.4250146730769231 0.4337926730769231 0.4310231610576923 0.43524568269230773 0.4372936394230769 0.4371369783653846 0.4417359543269231 0.43883612499999997 0.44354672596153844 0.4304007620192308 0.4461550793269231 0.42903192067307694 0.4476300528846154 0.42672246634615385 0.4481424471153846 0.4218473605769231 0.4455225 0.41746452403846157 0.4444687235576923 0.4128355528846154 0.4457671033653846 0.4092752956730769 0.44898484375 0.4079705072115385 0.45358056490384613 0.39941710576923073 0.4567498052884615 0.3956427379807692 0.4584809759615384 0.3908957307692308 0.46021794711538466 0.3890245576923077 0.46378887740384617 0.3902213725961538 0.46156482211538463 0.3879338798076923 0.45794539182692307 0.3842674855769231 0.4536369759615385 0.3842254014423077 0.4525889975961539 0.3824722668269231 0.44801858413461537 0.38199189663461536 0.44427685336538464 0.3824201201923077 0.4438071586538461 0.38688896875 0.44115610576923076 0.38866406490384614 0.4358540048076923 0.39221425961538464 0.43142328605769226 0.3962667860576923 0.42838213942307696 0.3988223798076923 0.42373212740384614 0.4020303653846154 0.42021549038461536 0.40617896634615386 0.41783802644230766 0.4141440216346154 0.4204890793269231 0.4123689230769231 0.4217136538461539 0.4153728605769231
2 0.47569514182692313 0.4029736826923077 0.4628009903846154 0.3966894903846154 0.46167920913461535 0.40150054807692304 0.4756213365384615 0.40953787500000005 0.47787649759615386 0.4056674326923077 0.47569514182692313 0.4029736826923077
2 0.49609594230769233 0.41990477884615385 0.49513336298076926 0.41733912740384616 0.4816182283653846 0.40523920913461536 0.47944846634615385 0.40829713461538464 0.4797162596153846 0.4116112548076923 0.4933167908653846 0.4228986538461538 0.49609594230769233 0.41990477884615385
2 0.4839197692307692 0.42437546875000004 0.4889266538461538 0.4470820408653846 0.4925829855769231 0.4474663365384615 0.4884416826923077 0.4223862596153846 0.4839197692307692 0.42437546875000004
2 0.5063195312500001 0.4398736754807692 0.5227730192307692 0.44160300721153845 0.5222374350961538 0.43497476682692304 0.5063079375 0.434122 0.5063195312500001 0.4398736754807692
2 0.49703109855769234 0.4520413221153846 0.49043641346153843 0.4620276105769231 0.49566471394230766 0.46504160817307694 0.5009552187499999 0.4557397379807692 0.49703109855769234 0.4520413221153846
2 0.5243681778846153 0.4557360576923077 0.5409302524038462 0.46815622115384614 0.5416988461538461 0.4608435600961539 0.5267087379807692 0.4510530985576923 0.5243681778846153 0.4557360576923077
2 0.5073400865384615 0.471197701923077 0.5121181971153846 0.46677093750000004 0.5101930408653846 0.46163963461538465 0.5015023990384615 0.46811965384615384 0.5073400865384615 0.471197701923077
2 0.5114350048076923 0.47327108173076926 0.5087918701923078 0.4573848966346154 0.5051355384615385 0.45700060096153844 0.5077786754807693 0.4728867860576923 0.5114350048076923 0.47327108173076926
2 0.5118272187499999 0.45195346875 0.5131777716346154 0.4742757475961538 0.5174434903846155 0.47472409374999996 0.5160929350961538 0.4524018149038461 0.5118272187499999 0.45195346875
2 0.5260877524038462 0.445237375 0.5040643701923077 0.44374411778846157 0.5029425865384616 0.44855517548076923 0.5261847475961539 0.45017653125 0.5260877524038462 0.445237375
2 0.45960643990384614 0.40949762740384615 0.45548833173076925 0.3959208990384615 0.45236758413461536 0.40216484375 0.4569980889423077 0.4108664663461538 0.45960643990384614 0.40949762740384615
2 0.45440133173076924 0.4179869807692308 0.4563148966346154 0.4173666081730769 0.45621790144230767 0.41242745432692307 0.4511488076923077 0.4020367451923077 0.4480280600961538 0.40828068990384614 0.45440133173076924 0.4179869807692308
2 0.4515483798076923 0.42754504567307694 0.44991420192307696 0.4372312115384615 0.45279034375 0.43917649519230767 0.45520470673076924 0.42792934134615385 0.4515483798076923 0.42754504567307694
2 0.4247375048076923 0.16677809134615387 0.4313553798076923 0.1682951514423077 0.4330865528846154 0.1635481418269231 0.42533529807692305 0.16109046634615384 0.4247375048076923 0.16677809134615387
2 0.9174964014423076 0.6194580600961538 0.9284653918269231 0.6206109471153846 0.9283683966346155 0.6156717908653846 0.9193129711538461 0.6138985336538462 0.9174964014423076 0.6194580600961538