3 0.5286755552884616 0.7719887187500001 0.5352413004807692 0.7917350144230769 0.5438891274038462 0.7840922499999999 0.5462544591346153 0.7672620384615385 0.5471733629807692 0.7463531057692308 0.5475208317307693 0.7259174975961538 0.5295011394230769 0.7427621706730769 0.5195951682692308 0.7557644471153846 0.5262405048076924 0.7605738221153846 0.5286755552884616 0.7719887187500001
2 0.5749321322115384 0.6135068629807692 0.5795661875 0.585922826923077 0.575928983173077 0.5848580168269231 0.5716187956730769 0.6119339350961538 0.5749321322115384 0.6135068629807692
2 0.613747454326923 0.5995848245192308 0.6253457764423077 0.5978930625 0.6271770000000001 0.58486321875 0.6154260769230769 0.5876408052884615 0.613747454326923 0.5995848245192308
2 0.5580053822115384 0.7644844519230769 0.5659664999999999 0.7617278798076923 0.5671873173076923 0.7530413173076924 0.5578357620192308 0.7567097451923076 0.5580053822115384 0.7644844519230769
2 0.6869311971153846 0.44710187019230774 0.6795651153846154 0.4294576298076923 0.672845125 0.41799415865384615 0.6697387355769231 0.4275229879807692 0.6760025673076923 0.4350469158653846 0.6825869759615385 0.4564567331730769 0.6869311971153846 0.44710187019230774
2 0.6874213966346154 0.46876247115384617 0.6998776923076923 0.46276221875 0.7008136153846153 0.45071381730769233 0.6865853749999999 0.46034047355769225 0.6874213966346154 0.46876247115384617
2 0.68735496875 0.4261233533653846 0.6918567283653847 0.39409165625 0.6866578221153846 0.39336099759615384 0.6824222908653846 0.4270910120192308 0.68735496875 0.4261233533653846
2 0.8155908269230768 0.3777097043269231 0.8302752283653846 0.37202259375 0.8326202524038462 0.36072585817307695 0.8170405480769231 0.36739441105769227 0.8155908269230768 0.3777097043269231
2 0.8398177956730769 0.2825678125 0.847985860576923 0.2909129951923077 0.8521588173076923 0.28098042788461536 0.8413624807692308 0.27337313221153847 0.8398177956730769 0.2825678125
2 0.6015046418269231 0.3382100817307692 0.6089009062499999 0.30713881490384615 0.6038546009615385 0.3053223365384615 0.5980013750000001 0.3343959278846154 0.6015046418269231 0.3382100817307692
2 0.4988105384615385 0.8713209375000001 0.4887876466346154 0.8959330865384616 0.49164317788461537 0.9007634735576923 0.5005605264423078 0.8804250192307692 0.4988105384615385 0.8713209375000001