3 0.6298872163461537 0.7550244158653846 0.6358682860576923 0.7601039519230769 0.6453331442307693 0.76169734375 0.6696858533653847 0.7435430649038461 0.6714405384615384 0.7375840649038461 0.6849746971153846 0.7237174447115385 0.6812241971153846 0.7172680096153846 0.6633211538461539 0.7279264663461539 0.6543824254807693 0.7290397668269232 0.6324941225961538 0.7470271225961539 0.6298872163461537 0.7550244158653846
4 0.4105037716346154 0.7867445 0.40577499038461534 0.79453003125 0.40804665625000003 0.8040758822115385 0.41616696875000003 0.798752170673077 0.4148562211538461 0.7855863605769231 0.4105037716346154 0.7867445
3 0.37942936057692306 0.618317033653846 0.3846586875 0.6216700528846153 0.3876492235576923 0.6242098197115384 0.3894121274038461 0.6204339711538461 0.3922528677884615 0.6136396490384615 0.38930527884615385 0.5920530192307693 0.38099315625 0.5921081971153846 0.3774006706730769 0.597176 0.37942936057692306 0.618317033653846
3 0.44093907211538463 0.6179087091346154 0.44252567307692303 0.6282119399038462 0.43912500240384617 0.6385482740384615 0.44567422115384614 0.6422689447115384 0.45463853125 0.6327237884615384 0.45724544230769226 0.6247264927884615 0.45913440865384614 0.6087539735576923 0.44795688461538463 0.6090540216346154 0.4389176754807692 0.6139321346153847 0.44093907211538463 0.6179087091346154
3 0.3810986057692308 0.10239208173076923 0.3822093197115385 0.10810621153846153 0.39726247596153846 0.11704023317307694 0.40465569951923075 0.11653945673076924 0.4077384951923077 0.11313125961538462 0.40571710096153846 0.10915468509615385 0.4047233028846154 0.10404204326923076 0.39110695432692305 0.09607716105769232 0.38474955048076925 0.09762502163461538 0.3810986057692308 0.10239208173076923
3 0.4005124302884615 0.11235111778846153 0.4028178966346154 0.11564826201923076 0.4081979447115385 0.11335405769230769 0.4041715913461538 0.10976720913461538 0.4005124302884615 0.11235111778846153
3 0.48559659615384615 0.1154751610576923 0.4863063197115384 0.12126723557692308 0.4881185360576923 0.1305902860576923 0.48842726923076923 0.13646030528846154 0.4950687475961538 0.13423301201923077 0.5005163990384616 0.11944139663461538 0.5036247764423076 0.10760134375 0.5015211899038461 0.08179326442307693 0.4909867139423077 0.08540149278846153 0.48559659615384615 0.1154751610576923
4 0.61672684375 0.5331777211538461 0.6163094134615386 0.5288893677884615 0.5892438774038461 0.5116786826923077 0.5843315 0.5163788341346154 0.5855088894230769 0.5245768557692307 0.5883569278846154 0.5349469951923077 0.5806714110576923 0.5339440528846153 0.5820908557692308 0.5455281995192307 0.603218266826923 0.5386124855769231 0.61672684375 0.5331777211538461
3 0.9492767091346154 0.4264021538461539 0.9466040480769231 0.41693425 0.9430965288461538 0.39888963221153845 0.9441999495192307 0.38743930288461537 0.9605995072115385 0.3733278125 0.9806582283653846 0.3566324110576923 0.9747776346153846 0.3477880649038462 0.9697647788461539 0.35625302884615384 0.9593810216346154 0.3542140408653846 0.9358805360576923 0.37033002403846155 0.9089967403846154 0.3861673341346154 0.8737332211538462 0.4145572403846154 0.8626305937500001 0.4195243365384615 0.8434414591346153 0.42356643269230765 0.8558201057692307 0.45299516346153845 0.8558447620192309 0.4595446129807692 0.8744894783653846 0.47839213942307696 0.8845471418269231 0.4851761177884616 0.8958242163461538 0.4960925649038461 0.9178942620192309 0.5111532043269231 0.9277436730769231 0.5083023533653847 0.9366157259615384 0.5047051586538461 0.9451370264423077 0.4993035072115385 0.9471931514423078 0.4820500673076923 0.9481549975961538 0.46344880048076925 0.9487578725961539 0.44085992067307694 0.9492767091346154 0.4264021538461539
4 0.80908503125 0.37312909375 0.8222903149038461 0.4089513870192307 0.8655325721153846 0.3680868341346154 0.80908503125 0.37312909375
4 0.9171705384615384 0.8670956706730769 0.9148805817307692 0.8831461346153847 0.9217641129807692 0.8843049663461537 0.9298588413461538 0.8874131129807693 0.9419388269230768 0.8831923629807693 0.9456482283653845 0.8787260456730769 0.9171705384615384 0.8670956706730769
4 0.4122475745192308 0.6865313509615384 0.4207085649038461 0.7107915697115386 0.42005000961538463 0.68813578125 0.4122475745192308 0.6865313509615384