2 0.49703853125 0.17321254567307692 0.4340174471153846 0.14312727403846154 0.4076487956730769 0.14548101201923075 0.3945909471153846 0.15828493990384615 0.5160547475961539 0.22446949038461536 0.5330758341346153 0.21933988942307694 0.547099048076923 0.21209335096153847 0.5547418822115385 0.20609968269230772 0.49703853125 0.17321254567307692
1 0.39742969471153844 0.49271960096153844 0.4124197956730769 0.5155781346153846 0.4287591514423077 0.52623346875 0.45561124759615385 0.5389322692307692 0.4788952331730769 0.5419240072115384 0.5104431754807692 0.5392345865384616 0.5338753221153846 0.5309403100961538 0.5482061033653847 0.5168496009615384 0.5520548197115385 0.49880362019230773 0.5549546490384615 0.49265511057692307 0.545889201923077 0.48667388701923076 0.5297653701923077 0.4749097860576923 0.5099971009615385 0.46435504807692307 0.48498293990384617 0.45623258653846155 0.45844964423076917 0.4524174735576923 0.43478101682692305 0.4549124879807692 0.40325403125000003 0.46450993509615385 0.39821918269230766 0.4763802836538461 0.39742969471153844 0.49271960096153844
4 0.10726508173076922 0.3262376081730769 0.11317849759615385 0.3273870600961538 0.12545209615384614 0.33264945432692306 0.16656761298076922 0.32108029807692307 0.16037579567307692 0.30031553125 0.09830587980769231 0.29515431490384614 0.10726508173076922 0.3262376081730769
3 1 0.40442362259615383 0.9961401466346154 0.4031291778846154 0.9861100889423077 0.4038644038461538 0.9876861033653845 0.40628028846153846 0.9983784471153846 0.40739978846153846 1 0.4079941610576923 1 0.40442362259615383
3 0.9230494326923077 0.48097449519230767 0.9163861682692308 0.4731588870192308 0.9117202451923077 0.47436146634615384 0.920683170673077 0.4826240817307692 0.9170851346153845 0.48710265865384617 0.9195030384615385 0.4904493004807692 0.930420625 0.48164020192307694 0.9270942331730769 0.47945940625000005 0.9230494326923077 0.48097449519230767
3 0.9224320985576924 0.5420311971153846 0.9276315913461539 0.5363296971153846 0.9274257884615384 0.5286186346153846 0.9147982283653846 0.5269311923076923 0.9046297283653846 0.5301326009615385 0.9224320985576924 0.5420311971153846
3 0.9477179711538462 0.6276841730769231 0.9404650216346154 0.62991809375 0.9434322091346155 0.6339468341346154 0.9556130096153846 0.6326707884615386 0.9740821442307692 0.6358772740384615 0.9797800408653846 0.6381354903846154 0.9823206634615385 0.6338349254807691 0.9477179711538462 0.6276841730769231
3 0.9583422668269231 0.6905424735576923 0.9523876899038461 0.6878508076923077 0.9529983365384616 0.6847093076923076 0.9585315913461538 0.6807986730769231 0.9491840216346153 0.6780228076923076 0.9466179543269231 0.6859621802884616 0.9507862355769231 0.6890737283653846 0.9567460504807692 0.6934923990384616 0.9647024495192308 0.6946554158653846 0.9707438269230769 0.6898846682692308 0.9673455937500001 0.6880734591346154 0.9624641466346154 0.6903848028846155 0.9583422668269231 0.6905424735576923
3 0.9122756682692308 0.6574241971153847 0.9061826514423077 0.6571987139423077 0.9012136442307692 0.654698625 0.89959646875 0.6507405264423076 0.8893404086538462 0.6491305024038462 0.8887297620192308 0.6522720048076922 0.8936785697115385 0.6601379086538461 0.9015324447115384 0.6635823149038462 0.9082465889423077 0.6641203052884616 0.9149861730769231 0.6610194879807693 0.9122756682692308 0.6574241971153847
3 0.8896263942307693 0.7914842475961539 0.8863306850961539 0.7873916490384616 0.8724039903846154 0.7783559495192307 0.8631230216346153 0.7734834879807693 0.8527898822115384 0.7705160456730769 0.8421746201923077 0.7707539663461538 0.8370724110576924 0.7724470673076923 0.8386125048076922 0.77504775 0.84670734375 0.7737445793269231 0.8509167836538462 0.7783983413461539 0.8586628966346154 0.7823971298076924 0.8687034350961539 0.7851159182692308 0.8815315552884615 0.7927874158653846 0.8896263942307693 0.7914842475961539
3 0.7735567307692308 1 0.7738824134615385 0.9993094567307692 0.7669317884615385 0.9929722019230769 0.7613468942307692 0.9918866081730768 0.7609570120192307 0.9956463533653845 0.7663372572115384 1 0.7735567307692308 1
3 0.46423696875 0.9049842620192308 0.47368705769230773 0.9054787403846153 0.48385031730769235 0.9005503245192308 0.4931926442307692 0.9015991826923078 0.48657578365384613 0.8970527932692308 0.4822945 0.8927686201923077 0.47542095673076923 0.8877887860576923 0.46037025240384616 0.8810276947115384 0.45892295913461534 0.8849654519230769 0.46812684615384614 0.8884804951923078 0.4709091923076923 0.8917061995192307 0.4624753533653846 0.8894914951923076 0.4560178894230769 0.889386951923077 0.45634717307692313 0.9017246538461539 0.46423696875 0.9049842620192308
3 0.4225009423076923 0.7601349663461539 0.4192157115384615 0.7594963822115385 0.4213260504807692 0.7696871923076922 0.4225009423076923 0.7601349663461539
3 0.43858292548076927 0.8422728990384616 0.4370637908653846 0.8465802451923078 0.4323978677884615 0.8477828221153847 0.4332809158653846 0.8502557884615385 0.44203280048076926 0.8490803341346154 0.4429667283653846 0.8442756850961538 0.43858292548076927 0.8422728990384616
3 0.25102992067307695 0.8529933052884615 0.25115788461538463 0.8470731081730769 0.25166076923076924 0.8444859879807692 0.25826715144230766 0.8455783629807693 0.2644065697115385 0.8490730625 0.26560242307692306 0.8464288629807692 0.25526404326923074 0.8417344182692308 0.24690728365384615 0.8408771346153846 0.24009061778846152 0.84262053125 0.24666631971153846 0.8456247067307692 0.2471542451923077 0.8501304086538461 0.24106646394230768 0.8516319326923077 0.24162099038461538 0.8540410408653846 0.25102992067307695 0.8529933052884615
3 0.26482789423076925 0.8556753605769232 0.2633551586538462 0.8632519254807692 0.2686317283653846 0.85890784375 0.2712441947115385 0.8542376899038462 0.2785278269230769 0.85009196875 0.26802556490384616 0.8515025096153847 0.26482789423076925 0.8556753605769232
3 0.11576014423076922 0.1562489278846154 0.11370144471153847 0.15105434615384616 0.11883433413461539 0.1474494423076923 0.1167397139423077 0.14243965384615384 0.10900932211538462 0.14362188701923076 0.10604289182692309 0.15186699278846152 0.10963644471153847 0.15793525 0.125883 0.16205214182692307 0.12777181971153848 0.15935086778846155 0.11576014423076922 0.1562489278846154
3 0.10898987740384616 0.16126154326923076 0.10367138942307694 0.15178956971153845 0.09812765625 0.15224618990384614 0.10406203125 0.16030366826923076 0.09216335817307691 0.1583743533653846 0.09162455048076924 0.16114626923076925 0.09823617548076924 0.16396565144230768 0.10037195432692309 0.1705176514423077 0.10651137259615386 0.17401235096153847 0.11066393509615385 0.17194287980769232 0.10525340144230769 0.16820630528846153 0.10898987740384616 0.16126154326923076
3 0.7452227115384615 0.5591730552884615 0.7518545360576923 0.5566266225961539 0.7515462139423076 0.5511969495192308 0.7575516730769232 0.5466109951923077 0.7602718990384615 0.5413864615384616 0.7553283317307693 0.5352475624999999 0.7590393677884616 0.5319416105769231 0.7522893028846155 0.5315884134615385 0.7492300745192307 0.5332950769230769 0.7411659158653846 0.5326864447115385 0.7378140841346154 0.5341444567307693 0.7372805192307692 0.5386433774038462 0.7368547139423077 0.5425879134615385 0.7315317427884616 0.5436627764423076 0.7238986298076924 0.5408366129807692 0.7208753197115385 0.5423584831730769 0.7319785072115385 0.5466262668269231 0.7421372836538461 0.5522446850961539 0.7452227115384615 0.5591730552884615
3 0.7441519278846154 0.6751814687500001 0.7449062572115385 0.6713007860576923 0.7432479206730769 0.6658004735576923 0.7466304350961538 0.6624306634615384 0.7434118052884616 0.6596954831730769 0.7394440841346154 0.6625679903846154 0.7406294567307692 0.6564697788461539 0.748313451923077 0.6520183245192308 0.7374362668269231 0.6500957908653846 0.7304093197115384 0.6546749615384615 0.7271757283653847 0.6590326033653846 0.7283566177884615 0.6634812283653846 0.7357742067307692 0.6674161538461539 0.7392959206730769 0.6738540024038462 0.7441519278846154 0.6751814687500001
3 0.7791684278846154 0.6493859807692307 0.7722432427884616 0.6394099206730769 0.7780331802884616 0.6359327355769231 0.77496346875 0.6341853870192308 0.7698253389423078 0.63606328125 0.7675054759615385 0.6409820865384616 0.7756369927884615 0.6517679663461539 0.7910162211538462 0.6585929134615385 0.7922479951923077 0.6557639230769231 0.7791684278846154 0.6493859807692307
3 0.5996555841346154 0.6047116201923077 0.5916228677884615 0.6144650312500001 0.5987792956730769 0.6285133461538461 0.6152772932692308 0.6313366802884615 0.6125922283653846 0.624102579326923 0.6079001057692308 0.6166701225961538 0.6085055096153846 0.6118016129807692 0.5996555841346154 0.6047116201923077
3 0.5976515625000001 0.6536086346153845 0.6020406033653847 0.6573384230769231 0.6072610528846154 0.6585449543269231 0.615864016826923 0.656381670673077 0.6222234375 0.6482207692307692 0.6157300552884616 0.6483010192307692 0.6113724543269231 0.6549332692307692 0.6044427884615385 0.6555040432692307 0.6030104519230769 0.6523489807692309 0.6082511033653846 0.6481896947115384 0.605761358173077 0.6452126418269231 0.5976515625000001 0.6536086346153845
3 0.3684762908653846 0.5329262091346154 0.37142327644230766 0.5423207644230769 0.36413964663461534 0.5464664879807692 0.371043875 0.5495345216346154 0.37941559375 0.5432989831730769 0.3752263533653846 0.53327940625 0.3684762908653846 0.5329262091346154
3 0.4358473894230769 0.4336408028846154 0.43034481730769236 0.43563963461538463 0.4264227403846154 0.42950751923076924 0.42022720192307694 0.4315634278846154 0.42479584375 0.43436924759615386 0.43527790624999996 0.4383245192307692 0.4377728870192307 0.44302857692307696 0.4288256826923077 0.4399469807692308 0.42251190144230766 0.4391032596153846 0.41400621875 0.4372581442307692 0.4062346658653846 0.4368981682692308 0.40909409375 0.4414812908653846 0.4154797139423077 0.44195542307692304 0.42826667548076924 0.4480847091346154 0.43234739663461536 0.4463848293269231 0.4250016442307692 0.44208031009615384 0.43818897355769226 0.4479038677884616 0.4429574158653846 0.4444198990384616 0.4383012139423077 0.43680264903846155 0.4358473894230769 0.4336408028846154
3 0.6109118269230769 0.17847093990384616 0.6002860841346154 0.17525484855769233 0.5973398557692308 0.17813413461538463 0.5887316514423077 0.1785704110576923 0.5894710192307693 0.1817825528846154 0.6075293125 0.1818407548076923 0.6273432235576923 0.1833908701923077 0.6282771538461538 0.17858621875 0.6109118269230769 0.17847093990384616
3 0.14474967548076922 0.36842719951923075 0.1293090889423077 0.36542585336538463 0.12856000240384616 0.37103353846153847 0.14173160817307692 0.37167607451923074 0.14474967548076922 0.36842719951923075