3 0.5445465721153846 0.29377585576923076 0.5366416394230769 0.2861387379807692 0.53490621875 0.27888919471153845 0.5324975264423076 0.2839715600961539 0.49383105528846155 0.3239393581730769 0.49373271874999997 0.3313171298076923 0.4987808557692308 0.34202047596153845 0.5066494759615384 0.3447462019230769 0.5495611899038462 0.31717586538461534 0.5541092668269231 0.31194390384615384 0.5528996129807692 0.30342911057692307 0.5445465721153846 0.29377585576923076
3 0.6487639951923078 0.41384097596153846 0.6406417139423077 0.42505578846153846 0.6337234975961539 0.40956928125 0.6207653942307693 0.4043329879807693 0.6165514375 0.4099510817307692 0.6204547379807692 0.4174585264423077 0.6216643918269231 0.42597331971153846 0.6143137163461538 0.4174784543269231 0.6067507259615385 0.41473135576923076 0.6042878341346154 0.4366067716346154 0.6102115072115384 0.45543877884615386 0.6346934495192307 0.5200649014423078 0.6433778173076923 0.5124962283653847 0.6570376899038461 0.5058081177884616 0.6647431586538463 0.5105927259615385 0.6690219254807693 0.5102935264423076 0.676672641826923 0.48355090384615385 0.6487639951923078 0.41384097596153846
0 0.5146225721153846 0.42363055048076925 0.5172748725961539 0.4308159807692308 0.5269459591346154 0.4153979206730769 0.5146225721153846 0.42363055048076925
0 0.533095358173077 0.4682021610576923 0.530609 0.4765659110576923 0.5476955745192308 0.47496160576923074 0.5460635216346155 0.4472301201923077 0.533095358173077 0.4682021610576923
0 0.7638794855769231 0.45697809615384616 0.7593571105769231 0.4450095024038462 0.7567618028846154 0.43863907692307696 0.7411826875 0.4442329110576923 0.7329799471153847 0.4411210528846154 0.7300896274038462 0.45688394711538466 0.7312579350961539 0.47359151442307695 0.7374302427884616 0.4915871442307692 0.7447367764423076 0.4906667283653846 0.754325173076923 0.49163421875 0.7635302764423078 0.4959044663461538 0.7703730649038462 0.48396013221153844 0.7727867860576924 0.46577360336538465 0.7679174399038462 0.4620191586538462 0.7638794855769231 0.45697809615384616
0 0.8976851081730769 0.5258348942307692 0.8882520408653847 0.5183046322115384 0.8741597091346154 0.5319843870192308 0.8781976634615384 0.5370254495192308 0.882398766826923 0.5400076322115385 0.8903606923076922 0.5484597548076923 0.8961106009615385 0.5472386947115384 0.9022231274038461 0.5468112644230769 0.9086178100961538 0.5328507956730769 0.9031293894230769 0.5246352043269231 0.8976851081730769 0.5258348942307692
0 0.7228104759615385 0.36157130288461536 0.7266852812500001 0.36867124519230765 0.7349941778846154 0.36890922115384617 0.7316658173076923 0.35644763942307695 0.7228104759615385 0.36157130288461536
0 0.6243496586538462 0.3721418028846154 0.6311510985576922 0.3683902427884615 0.6312209423076923 0.36060496875 0.6231400072115385 0.3636270096153846 0.6243496586538462 0.3721418028846154
0 0.5804132403846154 0.2576892884615385 0.5847232956730769 0.27540564663461536 0.5847026225961538 0.2795020336538462 0.58344659375 0.29228418509615384 0.5948039326923077 0.28780455288461537 0.5973472788461538 0.28025581009615386 0.5935138221153846 0.26496309134615387 0.5872068581730769 0.24943384134615385 0.5804132403846154 0.2576892884615385
0 0.5713260216346154 0.3692976658653846 0.5557390817307692 0.37038761057692304 0.5672338677884615 0.38104965625000004 0.5713260216346154 0.3692976658653846
0 0.5935909158653846 0.4373547740384615 0.5752974807692308 0.44805234374999997 0.5801953221153846 0.45221429086538467 0.5929383173076923 0.4455902932692308 0.5935909158653846 0.4373547740384615
0 0.6715725384615384 0.4589283894230769 0.6781951850961538 0.44822793269230765 0.66653725 0.4396247668269231 0.6601191009615385 0.4400735673076923 0.6657656394230769 0.4593344471153846 0.6715725384615384 0.4589283894230769
0 0.5545959086538461 0.5121525576923077 0.5441554471153845 0.5165680745192307 0.5521408413461538 0.5385318629807693 0.5569660480769231 0.5328710288461539 0.5585925144230769 0.5253863966346154 0.5545959086538461 0.5121525576923077
0 0.5031328004807692 0.6238576874999999 0.4925420408653846 0.6217318076923076 0.47319707211538464 0.6349598701923077 0.4800789711538461 0.645534985576923 0.4966319567307692 0.6406920408653847 0.5008330600961538 0.6436742259615384 0.51686028125 0.6400965264423076 0.5246769350961539 0.6289030817307691 0.5031328004807692 0.6238576874999999
0 0.3751921802884616 0.6520503966346154 0.3709469375 0.6396529302884615 0.35981756009615384 0.6473925745192308 0.36492268990384613 0.6589109230769231 0.36913664423076925 0.653292829326923 0.3751921802884616 0.6520503966346154
0 0.6254347019230769 0.5809079879807693 0.6323450961538462 0.5918906057692308 0.6357019567307692 0.6047596875 0.6400768245192308 0.6277949374999999 0.6442209350961539 0.6299621201923077 0.6460206129807692 0.5942102740384615 0.6435286706730768 0.5673579086538462 0.6343677067307693 0.5725029423076923 0.6254347019230769 0.5809079879807693
0 0.6733604759615385 0.5284173822115384 0.6663388966346153 0.5334128173076923 0.6601978749999999 0.5334327451923077 0.6590971730769231 0.5396521274038462 0.6526790216346154 0.5401009278846154 0.6599933774038462 0.5436844014423077 0.6612521995192308 0.5485103076923077 0.6537255240384615 0.5506746009615384 0.6614673125 0.5603705961538462 0.6647437139423077 0.5589130072115385 0.6749020144230768 0.56803053125 0.6846328870192308 0.5710355288461538 0.6952443197115384 0.5690650216346154 0.7025430288461538 0.56364071875 0.7054333509615385 0.5478778245192307 0.700923826923077 0.5273089567307692 0.6890457524038461 0.5199496658653846 0.6733604759615385 0.5284173822115384
0 0.613076110576923 0.6808697908653846 0.6179169615384615 0.6842167355769231 0.6226281875 0.6769258918269231 0.6300771971153847 0.6780429831730769 0.63270603125 0.6717167427884616 0.6231098149038462 0.6662453653846154 0.6121642620192308 0.6678297403846154 0.613076110576923 0.6808697908653846
0 0.6072697812500001 0.50560278125 0.5926153653846155 0.5156363918269231 0.5827084927884616 0.5232905480769231 0.6021987307692307 0.5297080504807693 0.6108624254807692 0.5262357644230768 0.6252061850961539 0.5293276971153846 0.6217716610576923 0.5197399975961539 0.6166045120192307 0.5205108149038462 0.6130146610576923 0.5174858894230769 0.6072697812500001 0.50560278125
0 0.6695588629807693 0.5794605048076923 0.6762362644230768 0.6002872764423077 0.6805150312499999 0.5999880745192308 0.6785360048076924 0.5804707379807692 0.6695588629807693 0.5794605048076923
0 0.7106831947115384 0.5307214567307692 0.7108100288461539 0.5237511850961538 0.7052802596153847 0.5237283701923077 0.7016490625 0.52889621875 0.7058088197115384 0.5400711778846154 0.7060602475961539 0.556842860576923 0.7101915096153846 0.5676103197115384 0.7199637259615385 0.5624225432692308 0.7252862043269231 0.5550889567307692 0.7206576730769231 0.5459942475961539 0.7211471225961539 0.5398176081730769 0.7160006442307693 0.5364920384615385 0.7143507091346154 0.5304649975961538 0.7106831947115384 0.5307214567307692
0 0.7360848076923077 0.6128915216346154 0.7312076418269231 0.6046331875000001 0.7266232475961538 0.6049537596153847 0.7198581225961539 0.6136167091346154 0.7301147620192308 0.6153564591346155 0.7360848076923077 0.6128915216346154
0 0.7081431947115384 0.6041985408653846 0.7003108966346154 0.6063842043269231 0.6936234350961539 0.6117657668269231 0.70700896875 0.6231145865384615 0.7084722884615384 0.6176888365384615 0.7081431947115384 0.6041985408653846
0 0.7000393485576922 0.6420291923076923 0.7024765384615385 0.6373543293269232 0.7001633894230769 0.6174508629807692 0.6966020336538462 0.6148334375 0.6937452379807693 0.6178996658653847 0.6966048269230769 0.6324414951923077 0.7000393485576922 0.6420291923076923
0 0.7244324567307692 0.6395044711538461 0.7131941298076924 0.6325099423076923 0.7199983629807692 0.6463664399038461 0.7244324567307692 0.6395044711538461
0 0.5336976610576923 0.5910083173076923 0.5356789254807692 0.5798134302884616 0.5307034182692308 0.5789328677884615 0.5240366322115384 0.5802180432692308 0.528331045673077 0.5889266201923077 0.5336976610576923 0.5910083173076923
0 0.6484164543269231 0.5977281899038461 0.64626421875 0.6064780697115385 0.6524002091346154 0.6195623076923076 0.6578159951923077 0.6179551153846153 0.6504005096153846 0.6041413581730769 0.6585540793269231 0.6109421033653846 0.6607426322115385 0.6071036153846154 0.6484164543269231 0.5977281899038461
0 0.5162562788461538 0.8203162283653846 0.5218586802884615 0.8301618269230769 0.5292015336538461 0.8341528004807692 0.5334803004807692 0.8338536009615385 0.5335216466346154 0.8256608245192307 0.5294267043269231 0.8198047548076922 0.5242025625 0.8197605697115384 0.5162562788461538 0.8203162283653846
0 0.6756976442307692 0.6101528028846154 0.6712479086538461 0.6080069927884616 0.6715613557692308 0.6124895096153846 0.683631076923077 0.6181974206730769 0.6756976442307692 0.6101528028846154
0 0.6926702379807692 0.6069184903846154 0.6883344807692308 0.6064026875 0.6899145721153845 0.6202150024038461 0.6926702379807692 0.6069184903846154
0 0.6449394591346155 0.7236860576923078 0.6473481514423077 0.7186036923076924 0.6393163822115385 0.7179368461538461 0.6323076538461538 0.7143320024038461 0.6298704663461538 0.7190068653846153 0.6449394591346155 0.7236860576923078
0 0.6812095336538462 0.6318800625 0.6782801033653846 0.6251235048076923 0.6698935408653846 0.6281669158653845 0.6741231370192308 0.6315566033653847 0.6749131826923077 0.6384627596153846 0.6812095336538462 0.6318800625
0 0.6162083701923078 0.5324138485576924 0.6113831610576923 0.5380746850961539 0.6191378004807693 0.5391704038461538 0.6162083701923078 0.5324138485576924
0 0.5950458413461539 0.6030982043269231 0.5939529639423077 0.6138214735576922 0.6001716466346154 0.6105201634615385 0.6000783389423077 0.6047937692307692 0.5950458413461539 0.6030982043269231
0 0.6652689110576924 0.7333208269230769 0.6682888557692308 0.7281957211538461 0.6546910024038461 0.7225946682692308 0.6652689110576924 0.7333208269230769
0 0.7644164086538462 0.7501384230769231 0.7649550264423077 0.7402728990384616 0.7600806514423077 0.7496226225961539 0.7608785192307692 0.7610326682692308 0.7675168100961538 0.7593399903846154 0.7644164086538462 0.7501384230769231
0 0.8478138197115384 0.7701048485576922 0.8481429110576924 0.7835951442307691 0.8522300336538462 0.7849473221153846 0.8535637283653846 0.7688837836538462 0.8478138197115384 0.7701048485576922
0 0.6376726177884616 0.34745950240384615 0.6476236298076923 0.349220625 0.6414384687500001 0.3398252740384615 0.6389442908653845 0.34368513221153846 0.6376726177884616 0.34745950240384615
0 0.658336733173077 0.6297940336538462 0.668108951923077 0.6246062572115385 0.6657416057692308 0.6214958461538462 0.6561040432692308 0.6242172403846153 0.658336733173077 0.6297940336538462
0 0.64928975 0.6365690769230768 0.6537188149038461 0.6428112716346154 0.6545138918269231 0.636613264423077 0.6503619567307692 0.6299421923076923 0.64928975 0.6365690769230768
0 0.6656466153846154 0.6948019567307693 0.6646364278846153 0.6891396778846153 0.6619221129807692 0.6942434110576923 0.6594072596153846 0.7021996586538461 0.6612203437499999 0.7061678173076923 0.6656466153846154 0.6948019567307693
0 0.6697287091346154 0.7092583028846153 0.6774056826923077 0.71363540625 0.6730257860576923 0.7037043245192307 0.6697287091346154 0.7092583028846153
0 0.6726989447115385 0.4355084495192308 0.6627686057692308 0.4296509399038462 0.6593860456730769 0.4339824134615385 0.6625926033653846 0.4403100961538462 0.6726989447115385 0.4355084495192308
0 0.6821297740384615 0.47375093509615385 0.679920548076923 0.4816858100961538 0.6870846057692308 0.4787278846153846 0.6821297740384615 0.47375093509615385
0 0.3117727908653846 0.48736399278846154 0.3282402908653846 0.4812985408653846 0.3223322596153846 0.47147431490384617 0.31017202403846156 0.47764806490384615 0.30244588221153845 0.4769598461538462 0.30148765865384614 0.48521673798076925 0.3117727908653846 0.48736399278846154
0 0.7079727644230769 0.8740671610576923 0.7162246754807692 0.8734901322115385 0.7262740240384615 0.8678734807692308 0.7199050408653846 0.8646333942307692 0.7079727644230769 0.8740671610576923
0 0.8537028533653845 0.704992954326923 0.84983084375 0.7155010673076923 0.8543945625 0.7192768846153845 0.8631281009615385 0.708019326923077 0.8597013990384615 0.7029355192307692 0.8537028533653845 0.704992954326923
0 0.6245826490384616 0.3622976466346154 0.6239065841346154 0.3570214975961538 0.6157971538461537 0.3596360336538461 0.6245826490384616 0.3622976466346154
0 0.8816724350961539 0.2177864567307692 0.8733143677884615 0.2212373701923077 0.8839207692307693 0.23237103125 0.8816724350961539 0.2177864567307692
0 0.8874536298076923 0.23458095432692308 0.8969615673076923 0.22122177403846152 0.8836771634615384 0.22010323798076922 0.8874536298076923 0.23458095432692308
0 0.8825038269230769 0.2164998389423077 0.8900953149038462 0.2196544375 0.8984533822115384 0.2162035264423077 0.8892689519230769 0.20783689182692308 0.8811153798076923 0.2010361466346154 0.8764326514423076 0.20873449278846154 0.8825038269230769 0.2164998389423077
0 0.8987640384615384 0.20307798557692308 0.9031076177884615 0.20809768028846154 0.9106057956730769 0.20552588461538462 0.9073992379807693 0.1991982019230769 0.8987640384615384 0.20307798557692308
0 0.6196087836538461 0.9543646298076923 0.6249262331730769 0.9601352091346154 0.6383452932692308 0.9587873653846154 0.6398940961538462 0.9545841177884615 0.6288630576923077 0.9549459903846155 0.6239082235576923 0.9499690408653846 0.6196087836538461 0.9543646298076923