3 0.6828998004807693 0.47991663221153846 0.6944264519230768 0.4817451971153846 0.7006017884615384 0.4814653557692308 0.7022854543269231 0.4762819134615385 0.7030331129807692 0.4677361274038461 0.6963693894230769 0.4630525528846154 0.6880219975961539 0.46355242307692307 0.6815566706730769 0.46011638221153844 0.6700148004807692 0.46197699759615385 0.6611638076923078 0.46120263701923075 0.6592817451923078 0.46513855048076924 0.6594649254807692 0.47007525961538466 0.6660370624999999 0.47229047596153845 0.6695571298076923 0.4742386730769231 0.6759156490384615 0.4788955408653846 0.6799901466346154 0.4780218413461539 0.6828998004807693 0.47991663221153846
2 0.8015083485576924 0.5021851923076923 0.7985122692307692 0.50479346875 0.8068800408653847 0.5075758389423076 0.8093369134615384 0.5041002740384616 0.8015083485576924 0.5021851923076923
3 0.2217789519230769 0.5023125264423076 0.2259246514423077 0.5006249399038462 0.22383902884615384 0.49634190144230766 0.21712447836538462 0.4957544543269231 0.21310596875 0.49950345192307694 0.21563921394230767 0.5021854254807692 0.2217789519230769 0.5023125264423076
3 0.6280389639423076 0.4812677884615385 0.62500728125 0.48428300721153844 0.6302517836538463 0.4876122427884615 0.6323678461538461 0.4845169158653846 0.6280389639423076 0.4812677884615385
2 0.7553109903846154 0.5662129302884615 0.7519129519230769 0.5593547259615385 0.7430467379807693 0.562269545673077 0.7459055721153847 0.5682604615384615 0.7520453100961538 0.5683875600961539 0.7553109903846154 0.5662129302884615
4 0.9104019326923076 0.5933135144230769 0.9162212451923076 0.5971030961538462 0.9192529278846154 0.5940878774038462 0.9138456322115385 0.589104170673077 0.9104019326923076 0.5933135144230769
2 0.7411480721153846 0.4468773822115385 0.7336806995192308 0.44786430288461543 0.7328974375 0.45681703125 0.7410515937500001 0.4620410576923077 0.7411480721153846 0.4468773822115385
2 0.4588826875 0.4180817908653846 0.4691173052884615 0.4206174326923077 0.47185383413461535 0.40691490384615386 0.4673113389423077 0.4061074326923077 0.46784537980769236 0.40000329567307696 0.4629468533653846 0.40326524519230766 0.4527682259615385 0.4036049038461539 0.4588826875 0.4180817908653846
4 0.484596423076923 0.4264823076923077 0.4846472427884615 0.42238618269230765 0.48011996634615384 0.4178895240384615 0.4748094230769231 0.4223455985576923 0.464702 0.42187137259615387 0.4733597620192308 0.42836962740384615 0.484596423076923 0.4264823076923077
2 0.24279144951923076 0.4168087139423077 0.24928721394230768 0.41286638942307696 0.25948106490384615 0.40883755048076925 0.2609663293269231 0.40240658173076926 0.25555386778846156 0.39045145192307695 0.2490225 0.39480071875 0.24555841826923078 0.3957278221153846 0.24477515625 0.40468055048076923 0.24279144951923076 0.4168087139423077
2 0.13274990625 0.4723804086538462 0.13117305048076922 0.47634302163461534 0.13961202884615384 0.4783115072115385 0.1421045048076923 0.474429 0.13274990625 0.4723804086538462
3 0.07012082451923077 0.4078528485576923 0.07180448798076923 0.40266940625 0.07081249759615385 0.3964317620192308 0.06960688942307693 0.3926357716346154 0.0651255408653846 0.40167501923076926 0.05660013942307692 0.40420959855769234 0.05960138461538462 0.40857274278846156 0.07012082451923077 0.4078528485576923
2 0.6135423389423077 0.5415080649038462 0.6118230721153846 0.5470984495192307 0.62019084375 0.5498808197115385 0.6212284927884616 0.5450509182692308 0.6135423389423077 0.5415080649038462
4 0.8140329831730769 0.5910331802884615 0.8090936899038461 0.5877306490384615 0.7973382067307693 0.5920329182692308 0.808742826923077 0.5987714927884615 0.8148621802884615 0.5956163533653845 0.8140329831730769 0.5910331802884615
3 0.8773420240384616 0.5071795504807692 0.8843566129807693 0.5008222764423077 0.8821946177884615 0.4903816995192308 0.85899890625 0.48835233653846155 0.8519843197115384 0.49470961057692303 0.8479505913461539 0.5021477908653846 0.8773420240384616 0.5071795504807692
4 0.8602854975961538 0.4560703846153846 0.8508749110576923 0.4511464951923077 0.8468767860576923 0.4581777331730769 0.8418358485576923 0.4630674519230769 0.8465767451923077 0.46512245432692306 0.8551785216346153 0.4687454110576923 0.8635767307692308 0.4641494158653846 0.8767362211538461 0.46489066586538463 0.8781858846153846 0.45886663701923075 0.868688875 0.45844581490384617 0.8602854975961538 0.4560703846153846
4 0.9287896009615384 0.502659375 0.9228074927884615 0.49721532211538466 0.9174765673076923 0.4983891538461539 0.9184685576923077 0.504626798076923 0.9236570721153845 0.5050807355769231 0.9287896009615384 0.502659375
4 0.9064692956730769 0.5433525408653846 0.9057012524038461 0.5486160865384615 0.9145522451923077 0.5493904495192308 0.9237084495192308 0.5501915120192308 0.929344579326923 0.5490443822115385 0.9249241105769231 0.5433269014423077 0.9210072451923076 0.5388836466346154 0.9127666610576923 0.5381626899038461 0.9117646201923078 0.5425856490384615 0.9064692956730769 0.5433525408653846
4 0.6840032139423078 0.44269796875 0.688403298076923 0.4451332139423077 0.6984039158653845 0.44682826923076924 0.6991363557692308 0.44197166346153843 0.6905905673076924 0.4412240024038461 0.6853104639423078 0.4383017115384616 0.6840032139423078 0.44269796875
0 0.5244670817307692 0.47343659375 0.5214913870192308 0.4793271105769231 0.5296963629807693 0.4804550096153846 0.5288671682692307 0.47587183653846155 0.5244670817307692 0.47343659375
4 0.4986054927884615 0.4350889711538462 0.48820808173076924 0.43089885817307694 0.49519739903846155 0.43889137259615385 0.4986054927884615 0.4350889711538462