2 0.2725678846153846 0.5756385408653846 0.26554484375 0.5768780216346154 0.2635333894230769 0.5743836875 0.25582826682692306 0.574709201923077 0.2141141081730769 0.5969814423076923 0.20887275721153847 0.6030196610576923 0.21153150240384616 0.6061803966346153 0.24881110817307692 0.60750496875 0.2635044711538461 0.60569240625 0.27612402644230766 0.5930631971153846 0.28845800240384617 0.5862806322115385 0.30899143749999997 0.5748113125000001 0.30114714182692304 0.5741465576923077 0.2937203653846154 0.5764526081730769 0.28902915384615385 0.5745873461538461 0.2812544447115385 0.5744177259615385 0.2725678846153846 0.5756385408653846
2 0.2885323149038462 0.4489336394230769 0.2855256370192308 0.4432972355769231 0.2802009158653846 0.4448029471153846 0.2824559230769231 0.44903024999999996 0.2885323149038462 0.4489336394230769
2 0.2548725625 0.4339725721153846 0.25949418990384615 0.43534269951923077 0.2617426466346154 0.4277054495192308 0.2548725625 0.4339725721153846
2 0.23328425000000003 0.3552105769230769 0.2233451298076923 0.34751898076923077 0.21408086298076923 0.34856853125000004 0.22340748798076923 0.35584129567307693 0.23328425000000003 0.3552105769230769
2 0.14832002644230768 0.12883221394230768 0.10185952403846153 0.13308969951923078 0.10520035576923077 0.13716439903846153 0.15010170913461537 0.13363095192307692 0.14832002644230768 0.12883221394230768
2 0.17550552884615384 0.1765127451923077 0.1767101875 0.1614484855769231 0.16954797355769233 0.16169769951923077 0.16657541346153845 0.17600059375 0.17550552884615384 0.1765127451923077
2 0.16823238461538462 0.16415470432692308 0.1616761153846154 0.1529581971153846 0.15020541826923076 0.1540653846153846 0.1570052379807692 0.1669948605769231 0.16823238461538462 0.16415470432692308
2 0.16097957451923076 0.16769858894230769 0.1498712644230769 0.1556270889423077 0.14451175240384614 0.15688523317307693 0.14625141586538462 0.1692635841346154 0.16097957451923076 0.16769858894230769
2 0.15312217307692308 0.1433047283653846 0.15171598317307694 0.14905640865384615 0.1568457283653846 0.15010266826923077 0.1685186346153846 0.13861632932692308 0.16032640625 0.13547590384615385 0.15312217307692308 0.1433047283653846
2 0.12953801201923076 0.21579245432692307 0.12951700240384614 0.21958226201923076 0.15591083894230767 0.21435810817307693 0.12953801201923076 0.21579245432692307
2 0.15513613221153846 0.2758140120192308 0.16493607932692309 0.2825153389423077 0.1717851514423077 0.28003802403846156 0.16480413461538462 0.27369789182692306 0.15902710096153846 0.27198523076923076 0.15513613221153846 0.2758140120192308
2 0.15934746634615385 0.26638615625 0.17642846394230768 0.25792661298076924 0.16881393990384613 0.25495745432692307 0.15512957692307694 0.26394945913461537 0.15934746634615385 0.26638615625
2 0.22067124999999999 0.3797043389423077 0.20948612740384617 0.37496488221153845 0.19808501442307694 0.3765672043269231 0.21151136538461537 0.3814965913461539 0.22067124999999999 0.3797043389423077
4 0.4009274230769231 0.8744321850961538 0.39499020432692306 0.8755190649038462 0.39920809375000005 0.8779557620192308 0.4068088365384615 0.8768875456730769 0.40896669471153846 0.87254496875 0.4009274230769231 0.8744321850961538
4 0.19768127644230768 0.37763377403846154 0.20913819471153847 0.37248921394230766 0.20013849278846155 0.3714819278846154 0.2004240673076923 0.3656352836538461 0.19892072836538463 0.3628170817307692 0.1892737355769231 0.3611433942307692 0.1616338966346154 0.3693196875 0.17185859134615383 0.3711646418269231 0.18341265625 0.37458995913461535 0.19768127644230768 0.37763377403846154