3 0.2330970576923077 0.5858049519230769 0.21050091826923076 0.5742525456730769 0.19405462019230768 0.5799955384615385 0.1655160264423077 0.5977230625 0.1524939519230769 0.606075201923077 0.13406009134615385 0.618052141826923 0.12558273798076922 0.6271991298076922 0.1214174110576923 0.6391931466346155 0.11623680048076923 0.6585274471153847 0.11240989903846153 0.6680747067307693 0.11264158413461539 0.6778636466346154 0.11959575721153846 0.682687358173077 0.12316769471153846 0.6882964326923078 0.13079821634615385 0.6941471874999999 0.14117712259615384 0.695659485576923 0.1560162764423077 0.6970981826923077 0.18032681490384617 0.683312639423077 0.20045179567307692 0.6709430192307693 0.2146576033653846 0.6629080624999999 0.22577710576923077 0.6557377548076923 0.23497329807692308 0.6450917524038461 0.2390126682692308 0.62291421875 0.23947959375 0.6010481706730769 0.2330970576923077 0.5858049519230769
2 0.9293954519230769 0.656501045673077 0.9215757427884615 0.6383352956730769 0.9139229567307693 0.6455886923076922 0.9217426658653847 0.6637544399038462 0.9293954519230769 0.656501045673077
2 0.540643375 0.8170749807692308 0.5537069278846154 0.8180379086538461 0.5523967307692308 0.8134577716346154 0.5408973221153845 0.8137597716346154 0.540643375 0.8170749807692308
2 0.540643375 0.8170749807692308 0.5381929567307693 0.7978104903846154 0.5340073966346154 0.7992264110576923 0.5376415480769231 0.8188080865384616 0.540643375 0.8170749807692308
2 0.5781434230769231 0.8144358822115384 0.5680392019230769 0.8142659038461539 0.5675738004807692 0.8183702716346153 0.5776780216346153 0.8185402475961538 0.5781434230769231 0.8144358822115384
2 0.5769586730769231 0.8259598221153847 0.5776355288461539 0.8210663028846154 0.5659671610576923 0.8196313990384615 0.5642755336538461 0.8259446418269231 0.5769586730769231 0.8259598221153847
2 0.34966980528846153 0.9071546850961538 0.33833935576923074 0.9091935817307693 0.33783146153846155 0.9158240048076922 0.3499652283653846 0.9131545408653847 0.34966980528846153 0.9071546850961538
2 0.3223589663461538 0.9049116490384616 0.31115600000000004 0.8993723846153846 0.30929541346153844 0.9039487235576923 0.32130169711538464 0.9088574254807693 0.3223589663461538 0.9049116490384616
2 0.28591618750000003 0.9036049759615385 0.2775035913461539 0.8971217596153847 0.27581196394230767 0.903435 0.2838016514423077 0.9114965264423076 0.28591618750000003 0.9036049759615385
2 0.30976081490384616 0.899844358173077 0.3018550985576923 0.8985718413461539 0.30100928605769234 0.9017284615384615 0.30967582692307694 0.9048964687500001 0.30976081490384616 0.899844358173077
2 0.13341821153846153 0.4618274903846154 0.12470917788461539 0.4611855408653846 0.12462418990384615 0.46623764903846154 0.13252990384615385 0.46751016586538463 0.13341821153846153 0.4618274903846154
2 0.12200481009615385 0.4452362548076923 0.12805095673076924 0.43924399278846155 0.12712117067307693 0.43561160096153845 0.11989129086538462 0.4412866850961539 0.12200481009615385 0.4452362548076923
2 0.24279006730769231 0.4513803389423077 0.2445252043269231 0.43069992307692306 0.24135442067307694 0.430696125 0.23940782932692306 0.4521656971153846 0.24279006730769231 0.4513803389423077
2 0.5112678341346154 0.24250853365384614 0.51291696875 0.2387213485576923 0.5119871826923077 0.23508895913461536 0.5010371466346154 0.2380756033653846 0.5007831995192308 0.2413908125 0.5112678341346154 0.24250853365384614
2 0.8923913149038462 0.29980212980769233 0.884952016826923 0.28258412259615384 0.8781025504807692 0.28920695432692306 0.8847810216346154 0.30452946875 0.8923913149038462 0.29980212980769233
2 0.4096991995192308 0.9553804375 0.4117692067307692 0.9736971874999999 0.4138847572115385 0.9539645168269231 0.4096991995192308 0.9553804375
2 0.5212028774038462 0.7357426658653845 0.5087736850961538 0.7324122740384615 0.5077164182692308 0.7363580504807692 0.520991423076923 0.7365318221153847 0.5212028774038462 0.7357426658653845