3 0.07928272836538461 0.11793165625 0.07889645432692308 0.12318103365384615 0.09646351201923077 0.12111995432692307 0.12164709134615384 0.11561394471153846 0.13298733653846154 0.11124058413461538 0.12210218990384615 0.07891369230769231 0.06796319230769231 0.09292736778846153 0.07928272836538461 0.11793165625
3 0.18683401923076925 0.38612925961538463 0.1976630144230769 0.35251087980769236 0.20143351442307691 0.33817281009615385 0.18098678365384616 0.3218855216346154 0.14750903125 0.3258523533653846 0.14268563701923076 0.33143506971153847 0.15007393990384615 0.3406720552884615 0.14064568028846153 0.3595126009615385 0.15826085336538462 0.35537830048076924 0.15750067548076924 0.3681928509615385 0.15487930288461538 0.38713982451923074 0.18683401923076925 0.38612925961538463
4 0 0.45717488221153846 0.0010739254807692307 0.45692152644230766 0.012800444711538461 0.4472987884615385 0.02901086298076923 0.4239330721153846 0 0.41516978365384616 0 0.45717488221153846
4 0.1257360625 0.23852573798076923 0.10624733173076922 0.24647666586538464 0.09640673557692307 0.2545985769230769 0.11946247355769232 0.24962309615384617 0.13736768509615385 0.24438586538461538 0.1568811418269231 0.24106653365384614 0.15940761778846155 0.2376024254807692 0.1418281971153846 0.23734770673076921 0.1257360625 0.23852573798076923
4 0.1046639014423077 0.6593745649038462 0.06656892548076923 0.6742834302884616 0.07982115625 0.6843772548076923 0.09435450240384614 0.690544514423077 0.12147211778846154 0.6814644519230769 0.11801370673076923 0.6766583557692307 0.11715461538461538 0.6709465240384614 0.11387764423076924 0.6668681490384615 0.1046639014423077 0.6593745649038462
3 0.18305824759615386 0.7653058677884614 0.19950090144230767 0.7632674807692308 0.20698410096153846 0.7570216009615385 0.20618549038461537 0.75155234375 0.1618623605769231 0.7528125096153846 0.1509565048076923 0.7498632716346154 0.07222503125 0.7581564831730769 0.06324218509615384 0.7606538100961538 0.05305106730769231 0.7696360769230769 0.06065790384615385 0.7865481778846154 0.1275529278846154 0.7783719375 0.14481757932692307 0.7750979903846154 0.1539695048076923 0.7710125841346154 0.18305824759615386 0.7653058677884614
4 0.8190696802884615 0.6443478052884615 0.8104978341346154 0.6462273533653846 0.8025074038461538 0.6572374591346153 0.7932716105769231 0.6677851105769231 0.8021939759615384 0.6650452091346154 0.8101252668269231 0.6651289423076924 0.8299397860576924 0.6516860649038462 0.8190696802884615 0.6443478052884615
4 0.3831270841346154 0.43689977163461535 0.36703494711538465 0.4380778028846154 0.35941842548076924 0.4415227355769231 0.3550294158653846 0.43978285096153846 0.3373661274038462 0.4459903774038461 0.33615785576923074 0.4524753149038461 0.34314618509615386 0.4533094639423077 0.3612822932692307 0.4580631466346154 0.36666237740384616 0.4569793942307693 0.3915064639423077 0.44331312019230773 0.3831270841346154 0.43689977163461535
4 0.2718461754807692 0.7338930288461539 0.2664784543269231 0.737292579326923 0.25562473076923076 0.7662793629807693 0.28112173557692305 0.7529656033653847 0.2718461754807692 0.7338930288461539
4 0.18950712259615385 0.08864605528846153 0.20113874519230768 0.09450618269230769 0.20081429326923078 0.11133454807692307 0.21859988221153845 0.11694858653846155 0.22863428605769232 0.11187019471153846 0.2245944591346154 0.09793353846153846 0.2140267548076923 0.09180814663461538 0.19707418990384615 0.07593793028846153 0.18950712259615385 0.08864605528846153
2 0.34137461778846157 0.8087975600961539 0.3240260961538462 0.8185337548076923 0.3261181826923077 0.8223922451923078 0.34139934615384615 0.81342915625 0.34137461778846157 0.8087975600961539
4 0.417321 0.8663850624999999 0.45814996394230767 0.8647078221153847 0.45494449759615385 0.8518514038461539 0.44611836538461536 0.8504448581730769 0.43750942788461533 0.8453770120192308 0.41018698076923077 0.8604341706730769 0.417321 0.8663850624999999
3 0.2932308221153846 0.6043722956730769 0.2998315408653846 0.5991194038461539 0.3040006778846154 0.5818477548076924 0.2871593846153846 0.5868197211538462 0.26836067067307695 0.6020705576923077 0.2745874807692308 0.6043828413461538 0.27000734615384614 0.6222722668269232 0.27151935817307693 0.6283366153846154 0.2613639951923077 0.632929860576923 0.2694767235576923 0.6337413173076923 0.28098604807692307 0.6277798798076923 0.2923373197115385 0.6143858990384615 0.2932308221153846 0.6043722956730769
4 0.23366732932692308 0.7552641394230769 0.2200191370192308 0.7707767259615385 0.23291951201923075 0.7703944903846154 0.2526267740384615 0.7701186802884615 0.25464468028846154 0.7600823822115385 0.2560948725961538 0.7545677403846154 0.24532233894230768 0.7544194471153846 0.23366732932692308 0.7552641394230769