2 0.6027057908653846 0.8931605360576923 0.6258521274038462 0.8874538461538461 0.6223696850961539 0.8821662884615384 0.5987724447115385 0.8889613269230769 0.6027057908653846 0.8931605360576923
2 0.6334326009615385 0.8441460240384615 0.6280678269230768 0.8439607451923077 0.6294171778846154 0.8471312067307692 0.6402203822115384 0.8564061394230769 0.64519496875 0.8539003485576924 0.6334326009615385 0.8441460240384615
2 0.5779755600961539 0.7826660072115386 0.5834190456730769 0.7821023990384616 0.5822304903846154 0.7709986610576922 0.5775133990384616 0.767852814903846 0.5719321682692308 0.7697269711538461 0.5725534375 0.779824639423077 0.5779755600961539 0.7826660072115386
2 0.5722784783653846 0.7440199375 0.5854790096153846 0.7368893221153846 0.5826408846153847 0.7350767019230768 0.5694420384615385 0.7389895673076924 0.5626655120192308 0.7426309951923076 0.5599814423076923 0.7457561057692307 0.5660889206730769 0.74848021875 0.5722784783653846 0.7440199375
2 0.45855499759615387 0.6766051586538461 0.4817834110576923 0.6637140745192307 0.47769264182692306 0.661012639423077 0.4679025769230769 0.6613086923076923 0.4519589399038461 0.6721260865384615 0.4546593221153846 0.6752492572115384 0.45855499759615387 0.6766051586538461
2 0.4395089086538461 0.5920729110576923 0.4536877475961539 0.6236602716346155 0.45436973557692306 0.6299785192307692 0.4577965096153846 0.6293922379807693 0.5311688629807693 0.6164713749999999 0.5305835817307692 0.6124347716346153 0.5281406947115385 0.6036599663461538 0.5185164711538461 0.5863694831730769 0.5163833798076923 0.5842523846153846 0.4380251826923077 0.5837774975961538 0.43373763701923074 0.5829482764423077 0.4395089086538461 0.5920729110576923
2 0.4266299567307692 0.5833369711538462 0.4246705985576923 0.5859703798076923 0.42934328125000004 0.5991439278846153 0.4344865456730769 0.61104190625 0.4405692980769231 0.6236064975961538 0.44350244471153843 0.6309185096153846 0.44818186298076923 0.6312210480769231 0.44906399519230766 0.6292315745192307 0.45348928605769234 0.6287502403846154 0.4528269783653846 0.6222447692307692 0.4418747668269231 0.5983788509615384 0.4374151706730769 0.5895813701923077 0.4341671802884616 0.5852649038461538 0.4294090480769231 0.5857112524038461 0.4266299567307692 0.5833369711538462
2 0.5222451490384615 0.5701038677884616 0.5250720192307692 0.5560149447115385 0.5225290600961539 0.551394 0.5141080192307692 0.5546732908653846 0.5125141177884616 0.5698382548076923 0.5170951466346154 0.5710768990384616 0.5222451490384615 0.5701038677884616
2 0.4242959975961539 0.40383406490384616 0.4236336875 0.39732859374999996 0.41266968990384617 0.3959869423076923 0.3796185889423077 0.39667751201923074 0.3812794158653846 0.4032879302884615 0.4156421923076923 0.402924514423077 0.4242959975961539 0.40383406490384616
2 0.49020363221153845 0.3626815889423077 0.4985229134615385 0.3667739086538461 0.5070816995192308 0.36218406490384614 0.47822817548076924 0.34855119951923075 0.4542671610576923 0.33959693509615385 0.43824818269230764 0.3447277115384615 0.4424176610576923 0.34668026201923074 0.46236661778846155 0.35218420192307687 0.49020363221153845 0.3626815889423077
2 0.17319328846153845 0.23793540624999998 0.17166852403846156 0.23323218990384614 0.16134884134615385 0.23536547596153845 0.13079460817307692 0.25392244230769234 0.14189298557692306 0.2603890456730769 0.17138966826923077 0.24228879807692308 0.17319328846153845 0.23793540624999998
2 0.7210071754807692 0.59364465625 0.7277033028846154 0.5939698677884615 0.7322269831730769 0.5925524254807693 0.7240701754807692 0.5773090745192307 0.7144178557692308 0.5762945745192307 0.7115386899038462 0.5780741514423077 0.7182100889423076 0.5882398413461538 0.7210071754807692 0.59364465625
2 0.7487059134615385 0.6438784014423077 0.7555397860576923 0.6428930600961539 0.7564612764423077 0.6405291442307692 0.7361811634615385 0.6317724687499999 0.7319526490384616 0.6303815865384615 0.7277224519230768 0.6322084543269231 0.7294439951923077 0.635039451923077 0.7487059134615385 0.6438784014423077
4 0.5670652572115384 0.4542369423076923 0.5625072716346154 0.44637557211538464 0.5454914615384616 0.4481836466346154 0.5250685528846154 0.45039078125 0.528178798076923 0.45601780048076923 0.5381836370192308 0.4568800625 0.5670652572115384 0.4542369423076923
4 0.5298143677884615 0.5108945048076923 0.5269188918269231 0.5064257980769231 0.5051449495192307 0.5086802235576923 0.48570087980769233 0.5111795288461539 0.48791100000000004 0.5157654927884615 0.5101161682692308 0.5126099399038462 0.5298143677884615 0.5108945048076923
2 0.3733519110576923 0.2866092596153846 0.37479459615384614 0.2984968677884615 0.38140696153846154 0.3092242259615385 0.38852926442307695 0.3183015673076923 0.40537923317307695 0.33408002884615384 0.4224063028846154 0.34817349278846155 0.5052032620192308 0.32242503125 0.4855679951923077 0.27871748798076923 0.471374 0.27608990144230766 0.4399707836538462 0.2707070985576923 0.42276156249999997 0.2679518894230769 0.4028305985576923 0.26547847836538463 0.3717782163461539 0.2631611899038461 0.3733519110576923 0.2866092596153846
2 0.30512725240384614 0.22814097836538463 0.29040195432692306 0.230568375 0.2819022043269231 0.2345965576923077 0.27342381490384615 0.23521976201923078 0.28034934134615386 0.24616932211538461 0.30212328125 0.24391489663461538 0.31357754086538464 0.24379375721153848 0.32943909855769227 0.2401607548076923 0.35225091105769235 0.23763683413461537 0.3677222788461538 0.23131276201923076 0.3518067403846154 0.22585417067307695 0.3311313870192307 0.22405968509615384 0.30512725240384614 0.22814097836538463
2 0.05712521634615385 0.04875004567307692 0.05140792307692307 0.0487170048076923 0.053967192307692306 0.059586230769230766 0.10322562980769232 0.06798143028846154 0.12069066105769231 0.06830275961538462 0.11537197836538461 0.054872026442307695 0.10646404807692307 0.053178605769230766 0.09585256490384617 0.0516847139423077 0.08878592548076923 0.048481209134615386 0.0760003125 0.04846241826923077 0.05628580528846154 0.04392957211538462 0.05712521634615385 0.04875004567307692
4 0.41103412259615385 0.3411102379807692 0.4017360048076923 0.33672575 0.3874992860576923 0.3409081081730769 0.38288847355769234 0.35916319711538464 0.3944197596153846 0.36151092548076924 0.40552655528846154 0.3518887668269231 0.41103412259615385 0.3411102379807692
2 0.3259802115384615 0 0.32504171153846156 0.00024676923076923075 0.33588259134615384 0.012365007211538463 0.3755421778846154 0 0.3259802115384615 0
4 0.3718432620192308 0.06403498798076923 0.35310927403846154 0.0565765576923077 0.3405907331730769 0.07002542307692308 0.37120683653846154 0.08289709375 0.37563549519230766 0.07598025721153846 0.3718432620192308 0.06403498798076923
4 0.4818051081730769 0.3977639591346154 0.48601731249999996 0.3929065625 0.48102641586538464 0.3891640697115385 0.45204472355769226 0.39596104807692306 0.4498295528846154 0.40102834374999996 0.4763222692307692 0.39870200961538466 0.4818051081730769 0.3977639591346154
4 0.6615721418269231 0.9125979375 0.6851446514423076 0.9156433798076923 0.6858513701923077 0.9121211490384616 0.6618279543269231 0.9101640552884616 0.6615721418269231 0.9125979375
4 0.3907501298076923 0 0.39211938221153847 0.005593305288461538 0.43740679807692306 0.00694598798076923 0.43619145192307696 0 0.3907501298076923 0