3 0.3286820384615385 0.7964727548076923 0.3244319807692308 0.7971090985576923 0.31393151201923075 0.8188454951923076 0.3183331682692308 0.8233470576923078 0.3286820384615385 0.7964727548076923
2 0.9611119951923077 0.7294377932692307 0.9557477475961539 0.7330902475961539 0.9710144951923076 0.7768114975961539 0.97687028125 0.7775287451923076 0.9872588389423077 0.77099203125 0.96938534375 0.7271828798076924 0.9611119951923077 0.7294377932692307
2 0.9730434254807693 0.4573473485576923 0.9465290072115384 0.3234554206730769 0.9410703774038461 0.32781938942307687 0.96837784375 0.45842448317307694 0.9730434254807693 0.4573473485576923
2 0.6761788822115384 0.06997867788461538 0.6880779447115385 0.05654089182692308 0.6726809158653846 0.033541338942307694 0.6587772860576924 0.022611975961538463 0.6530547283653847 0.03255463461538462 0.6653534759615384 0.051096581730769225 0.6660329302884616 0.045077093750000005 0.6698106634615384 0.043515213942307694 0.6717012139423078 0.060666620192307695 0.6761788822115384 0.06997867788461538
3 0.15381440144230768 0.10401609615384616 0.17686464903846152 0.15904507211538463 0.18829223317307694 0.15364792307692307 0.16543116586538462 0.10167901442307693 0.15870632692307693 0.09943810336538461 0.15381440144230768 0.10401609615384616
3 0.33347462740384615 0.33773674519230773 0.32775080528846157 0.3342301490384615 0.32765684855769234 0.3394247451923077 0.3350619831730769 0.3446123413461538 0.33347462740384615 0.33773674519230773
3 0.48998711298076925 0.2829805360576923 0.48836217548076927 0.27818278125 0.48341345192307694 0.28139444471153846 0.48781552644230775 0.29037909134615386 0.48998711298076925 0.2829805360576923
3 0.5377826610576923 0.3398835360576923 0.5300964927884615 0.35924589903846155 0.5449255552884615 0.3685821706730769 0.54851284375 0.35051096875000004 0.5484368341346154 0.34570047115384617 0.5377826610576923 0.3398835360576923
3 0.6213292499999999 0.3264579110576923 0.6153227091346154 0.3295689278846154 0.6217268245192307 0.33602220913461534 0.6213292499999999 0.3264579110576923
3 0.6293296634615384 0.032859096153846155 0.6310289278846154 0.024535002403846155 0.6253994879807692 0.020316899038461535 0.6229823437500001 0.027772144230769232 0.6293296634615384 0.032859096153846155
3 0.7953559182692308 0.1100570985576923 0.7928606586538461 0.09028641826923077 0.7892336802884615 0.08802003124999999 0.7706277259615385 0.0892118125 0.7718759879807693 0.10582178125 0.7800583245192307 0.1401430673076923 0.7886528197115384 0.1381588701923077 0.7878017115384615 0.12663011538461538 0.7953559182692308 0.1100570985576923
3 0.32488130048076924 0.7542426947115385 0.3299427740384615 0.7447975144230768 0.32342590865384613 0.74457775 0.3198377764423077 0.75368278125 0.32488130048076924 0.7542426947115385
4 0.6069057668269231 0.41186457211538463 0.6006323509615384 0.3891726875 0.5948333629807693 0.3898217692307692 0.5737543125 0.4060686394230769 0.5507872331730769 0.43206262259615386 0.5532620168269231 0.43493987500000003 0.5714511802884615 0.4207396298076923 0.5785944951923077 0.4539213485576923 0.5818063701923077 0.46111161538461537 0.5818811177884615 0.4524728533653847 0.5758519927884616 0.41627501923076926 0.5982715817307692 0.39351117548076925 0.6059064302884616 0.4310626009615385 0.5834300456730769 0.4524601153846154 0.5839407932692308 0.46027398557692306 0.6135947067307692 0.43411566586538464 0.6134619014423077 0.42793884134615384 0.6103452500000001 0.4290032379807692 0.6069057668269231 0.41186457211538463
2 0.8882414158653845 0.3779505432692308 0.8749959182692308 0.33514209375 0.8631148052884616 0.3385747860576923 0.8671953124999999 0.34280562980769236 0.8677440673076924 0.3530247475961538 0.8679336706730769 0.3605678990384616 0.8743958461538461 0.38183676442307696 0.8807615360576923 0.3814017115384616 0.8882414158653845 0.3779505432692308
2 0.7458059951923077 0.07804420913461539 0.7140360288461539 0.09951815384615384 0.7202334350961539 0.11739954326923076 0.75289125 0.09641034375 0.74911225 0.08452296394230768 0.7458059951923077 0.07804420913461539
3 0.2938569471153846 0.468618875 0.2883786826923077 0.4650555889423077 0.28624468028846156 0.4703763052884616 0.2915529735576923 0.47432369471153846 0.2938569471153846 0.468618875