3 0.37433358894230767 0.40801121394230766 0.3745062764423077 0.4298300889423077 0.38005806009615384 0.4610833197115385 0.38135339423076925 0.4722450432692308 0.37931203365384614 0.4744507211538461 0.37501404567307695 0.4684468605769231 0.37342654807692305 0.49114912259615384 0.37487019951923073 0.52177959375 0.3764264567307692 0.5400048365384615 0.38474125240384616 0.5533348581730769 0.38676648317307694 0.5702509375 0.39974558413461536 0.5654552067307692 0.4004226057692308 0.5557733605769231 0.3988938125 0.5479502043269231 0.40447477403846155 0.5329079567307692 0.40531418509615386 0.5182051298076923 0.40270222596153843 0.5015835072115384 0.40051563942307694 0.4923723966346154 0.4009327692307692 0.47831101682692306 0.40186453125 0.45958877403846154 0.40124106490384615 0.42532527403846154 0.4006035240384615 0.4155515024038462 0.39688814423076924 0.3985172355769231 0.39061986298076923 0.39640146875 0.3726860096153847 0.39648936778846156 0.3705756370192308 0.4023806033653846 0.37433358894230767 0.40801121394230766
2 0.4957823509615385 0.5198344302884615 0.4988021658653846 0.49823879326923076 0.49518635096153846 0.4959730144230769 0.49172091105769233 0.5185439567307693 0.4957823509615385 0.5198344302884615
2 0.4427302548076923 0.57684821875 0.4419941802884615 0.5549899471153846 0.43783935817307695 0.5550349014423077 0.439562125 0.578975108173077 0.4427302548076923 0.57684821875
2 0.5724083389423077 0.8462558557692308 0.5709921538461539 0.8260274735576923 0.5684340961538461 0.8275260432692307 0.5696391418269231 0.8480751538461538 0.5724083389423077 0.8462558557692308
2 0.5725209326923077 0.6503380048076923 0.5731289495192308 0.6443417163461539 0.5661551490384615 0.6388217211538462 0.5641848509615385 0.6427098149038462 0.5725209326923077 0.6503380048076923
2 0.3754006081730769 0.2524188125 0.37531031490384614 0.2618061947115385 0.3778694014423077 0.26299161298076923 0.38175506249999996 0.23441125 0.37684803125 0.23171969230769232 0.3754006081730769 0.2524188125
2 0.18182850240384615 0.47573834615384614 0.1814549735576923 0.48108005528846154 0.1852839903846154 0.4883930793269231 0.19028646153846152 0.4951171826923077 0.19235014182692306 0.4898936610576923 0.18499663221153848 0.4736114591346154 0.18182850240384615 0.47573834615384614
2 0.6053866971153846 0.962963766826923 0.6010876778846154 0.9542759182692309 0.5984606177884616 0.959460045673077 0.6028997067307692 0.96614475 0.6053866971153846 0.962963766826923
2 0.7645419663461539 0.9727510288461538 0.7677152451923077 0.9840440721153846 0.7671944350961539 0.9726010192307691 0.7645419663461539 0.9727510288461538
2 0.7300822019230769 0.9716833269230769 0.7327295192307692 0.9581133846153846 0.7309916466346155 0.9559789230769231 0.7282499182692308 0.9682003076923077 0.7300822019230769 0.9716833269230769
2 0.7388457019230769 0.8085773725961538 0.7381837860576923 0.7964534735576922 0.7359069086538461 0.7966297451923077 0.7366865817307692 0.8097683485576923 0.7388457019230769 0.8085773725961538
2 0.7274887764423077 0.8198608317307693 0.7285667908653846 0.8152393629807692 0.7252778125 0.8082995913461539 0.7244820024038462 0.8142827475961538 0.7274887764423077 0.8198608317307693
2 0.6981643245192307 0.4377009399038462 0.6990027019230769 0.42031412259615386 0.6967491706730768 0.4201565408653846 0.6958163798076923 0.4361947956730769 0.6981643245192307 0.4377009399038462
2 0.7117902379807692 0.4668348533653846 0.7101639423076923 0.4496111778846154 0.7082159639423077 0.45048143028846155 0.70883221875 0.4659570288461538 0.7117902379807692 0.4668348533653846
2 0.7029426249999999 0.655432108173077 0.7026308918269231 0.6383003581730768 0.6988516586538461 0.6383715769230769 0.7001490552884615 0.6549012740384617 0.7029426249999999 0.655432108173077
2 0.7185800288461538 0.6045247451923077 0.711304795673077 0.6087128629807692 0.7123869326923077 0.6148273389423077 0.7186765 0.6112412764423077 0.7185800288461538 0.6045247451923077
2 0.7165441514423077 0.4987032692307692 0.7114259807692308 0.4963324350961538 0.7101134783653846 0.5016084855769231 0.7157239663461539 0.502336298076923 0.7165441514423077 0.4987032692307692
2 0.6778845745192308 0.25813804567307697 0.6796032187500001 0.27134230528846154 0.6819501346153847 0.2701644591346154 0.6808649110576923 0.2559980264423077 0.6778845745192308 0.25813804567307697
2 0.5795218197115385 0.05365667788461538 0.5855830817307692 0.06682911538461539 0.5866144062499999 0.06287536057692308 0.5818687331730769 0.05247883413461539 0.5795218197115385 0.05365667788461538
2 0.5540319038461539 0.12132052644230769 0.5526960576923077 0.1269304326923077 0.5544806177884616 0.12839717788461538 0.5591256995192307 0.12134123076923077 0.5563777884615384 0.1174586971153846 0.5540319038461539 0.12132052644230769
2 0.36931978365384616 0.3717632644230769 0.36703569471153846 0.3531516346153846 0.36241189903846155 0.3545057548076923 0.3642483052884616 0.36872471634615384 0.36931978365384616 0.3717632644230769
2 0.28683408894230766 0.49616513461538464 0.2762403533653846 0.4776434158653846 0.27570340625 0.4853221225961538 0.2810601826923077 0.49777431730769234 0.28683408894230766 0.49616513461538464
4 0.6246673701923077 0.7412116466346154 0.6230908557692308 0.7313722163461538 0.6202739399038462 0.7311752379807692 0.6206069567307692 0.7426051610576923 0.6246673701923077 0.7412116466346154
2 0.4881582908653846 0.22675467307692307 0.4809256298076923 0.21953912740384615 0.4808586826923077 0.22859265625 0.48731579086538457 0.23340554326923077 0.4881582908653846 0.22675467307692307
2 0.6055287716346154 0.04876547596153846 0.6092856899038461 0.05171210096153846 0.6092369399038462 0.04701184134615385 0.6027341706730769 0.045550656249999995 0.6021728485576923 0.050879233173076924 0.6055287716346154 0.04876547596153846