2 0.33691551442307693 0.4950640576923077 0.3428326514423077 0.4757164735576923 0.3463828341346154 0.4629238125 0.34447975240384615 0.45582141586538466 0.33798945192307694 0.44698781490384615 0.32980803365384614 0.43776153125 0.3201894447115385 0.4314577788461538 0.3049056298076923 0.42413457692307693 0.3013544326923077 0.42508611778846156 0.3003401658653846 0.4295869591346154 0.3016129567307692 0.4816863774038461 0.30214362259615385 0.5073415072115385 0.3026935024038461 0.5105774230769231 0.3078518485576923 0.5168075721153846 0.3133693629807693 0.5208269495192307 0.3212543389423077 0.5242119663461539 0.32569333653846155 0.5230225408653847 0.3317379567307693 0.511253125 0.33691551442307693 0.4950640576923077
3 0.9209753413461539 0.5085742884615384 0.9249909230769231 0.4998859903846154 0.9243565625 0.49751852403846153 0.9302954543269231 0.48535453125 0.9324509591346154 0.4780104543269231 0.9379249591346154 0.46766265625 0.9405033701923077 0.4618968894230769 0.9388962211538462 0.45471519951923073 0.9380929014423077 0.45408463221153844 0.9393186201923077 0.4503729471153846 0.9418332908653846 0.4408180985576923 0.9375000192307692 0.4424021009615385 0.9059454735576923 0.504566298076923 0.900957610576923 0.5143609278846154 0.9017401923076923 0.5196490288461538 0.9046995240384615 0.518856076923077 0.9054183653846154 0.5203550913461539 0.908229985576923 0.5225620697115384 0.9091602788461538 0.5248502403846154 0.912119610576923 0.5240572908653847 0.9168752812500001 0.5181310360576923 0.9209753413461539 0.5085742884615384
3 0.9505013557692308 0.45541177403846156 0.9482826201923077 0.46488732932692306 0.9453035673076923 0.48217893509615384 0.9417108918269231 0.4924455408653846 0.9470806899038462 0.4994648461538462 0.9511605216346154 0.5004861923076923 0.9522805144230768 0.49637993028846156 0.9519415793269231 0.48801260817307696 0.9528921033653847 0.47972268509615384 0.9583018533653846 0.4596652403846154 0.9505013557692308 0.45541177403846156
4 0.6604503605769231 0.35424106971153846 0.6612754350961538 0.36205522355769226 0.6614873966346154 0.3687649399038462 0.6679139567307693 0.3738094591346154 0.6713594254807693 0.37246334134615383 0.6768754134615385 0.3587210360576923 0.6767899158653846 0.3477483629807692 0.6746758894230769 0.3457773725961539 0.6665799687499999 0.3475237644230769 0.6620352427884615 0.3483186129807692 0.6604503605769231 0.35424106971153846
2 0.817321264423077 0.37268332932692305 0.8218447427884615 0.3706254543269231 0.8225630745192307 0.36620390625 0.8093710216346154 0.3477475480769231 0.8045096249999999 0.3532792235576923 0.817321264423077 0.37268332932692305
2 0.7546177932692307 0.2972909615384615 0.7539409399038461 0.2923974423076923 0.7519538870192307 0.29208405528846154 0.7354666177884616 0.3015766899038462 0.7401600721153846 0.30962303605769226 0.7548717403846154 0.30060617067307693 0.7546177932692307 0.2972909615384615
2 0.57970146875 0.11325246394230769 0.5845193509615385 0.09335360817307693 0.5785156995192308 0.08988740144230768 0.5734863629807692 0.10899709855769231 0.57970146875 0.11325246394230769
2 0.5498470841346154 0.034978906250000004 0.5323430096153846 0.01936957451923077 0.5295111586538461 0.027740692307692306 0.5470152355769231 0.043350021634615384 0.5498470841346154 0.034978906250000004
2 0.6193811370192308 0.8816149038461538 0.6011162355769231 0.8679010649038462 0.6000174903846154 0.8732703557692307 0.6174790721153846 0.8863536322115385 0.6193811370192308 0.8816149038461538
2 0.6216302716346154 0.9799724735576922 0.6116090048076923 0.9615123173076923 0.6072969807692308 0.9643593485576923 0.6173182500000001 0.9828195048076923 0.6216302716346154 0.9799724735576922
2 0.4350435456730769 0.7736866322115384 0.4183023293269231 0.7798640576923077 0.4203743701923077 0.7852295528846154 0.43694662740384616 0.7807890288461539 0.4350435456730769 0.7736866322115384