3 0.16075 0.05066666586538461 0.165 0.056 0.17074999999999999 0.059000000000000004 0.1745 0.05633333413461539 0.17425 0.043000000000000003 0.17099999999999999 0.03233333413461538 0.161 0.026666665865384614 0.16075 0.05066666586538461
3 0.17425 0.07366666586538462 0.183 0.098 0.18725 0.088 0.19525 0.060000000000000005 0.18575000000000003 0.037 0.17625 0.058 0.17425 0.07366666586538462
3 0.2155 0.12333333413461538 0.206 0.13666666586538462 0.20350000000000001 0.14400000000000002 0.206 0.1486666658653846 0.20975 0.152 0.21225000000000002 0.164 0.22175 0.152 0.23299999999999998 0.13866666586538462 0.22874999999999998 0.131 0.2225 0.126 0.2155 0.12333333413461538
3 0.24350000000000002 0.20900000000000002 0.25425 0.2106666658653846 0.2605 0.201 0.26675 0.186 0.26675 0.17833333413461538 0.2715 0.16999999999999998 0.26925 0.15366666586538463 0.26325 0.14533333413461538 0.25675000000000003 0.14233333413461538 0.24400000000000002 0.147 0.23725 0.159 0.22849999999999998 0.1673333341346154 0.22474999999999998 0.175 0.22675 0.1823333341346154 0.218 0.179 0.212 0.1936666658653846 0.21125 0.199 0.21825 0.206 0.22325 0.20566666586538462 0.23274999999999998 0.20199999999999999 0.232 0.1936666658653846 0.238 0.20033333413461538 0.24350000000000002 0.20900000000000002
3 0.392 0.3156666658653846 0.3935 0.3036666658653846 0.375 0.3143333341346154 0.38225 0.3506666658653846 0.38625000000000004 0.35366666586538464 0.40075 0.34333333413461536 0.40875 0.3353333341346154 0.40275000000000005 0.3316666658653846 0.399 0.3293333341346154 0.39649999999999996 0.318 0.392 0.3156666658653846
3 0.47975 0.3656666658653846 0.48675 0.3826666658653846 0.495 0.3766666658653846 0.48850000000000005 0.364 0.489 0.359 0.486 0.34066666586538463 0.4845 0.3186666658653846 0.48124999999999996 0.31700000000000006 0.47575 0.322 0.46175 0.33333333413461536 0.44899999999999995 0.34133333413461536 0.43 0.33999999999999997 0.4315 0.3453333341346154 0.4295 0.35566666586538465 0.43225 0.364 0.45425 0.3583333341346154 0.462 0.356 0.4735 0.37033333413461544 0.47975 0.3656666658653846
3 0.46225 0.4296666658653846 0.45799999999999996 0.4296666658653846 0.45325 0.42 0.44899999999999995 0.4173333341346154 0.44475 0.41000000000000003 0.446 0.3983333341346154 0.439 0.37899999999999995 0.4375 0.37033333413461544 0.435 0.3663333341346154 0.432 0.36266666586538465 0.4295 0.3553333341346154 0.431 0.34666666586538464 0.4295 0.34133333413461536 0.422 0.34066666586538463 0.41650000000000004 0.352 0.41525 0.3656666658653846 0.414 0.374 0.40875 0.3786666658653846 0.40700000000000003 0.3833333341346154 0.41325 0.38799999999999996 0.414 0.41566666586538464 0.41575 0.42433333413461544 0.421 0.4343333341346154 0.43125 0.4473333341346154 0.44175 0.445 0.44825000000000004 0.4523333341346154 0.45899999999999996 0.44266666586538467 0.46225 0.4296666658653846
3 0.43815 0.33866666586538463 0.4392884615384615 0.33774358894230766 0.4395192307692308 0.31753846153846155 0.439125 0.3161666658653846 0.43953846153846154 0.3158547019230769 0.43991666586538464 0.3146666658653846 0.4395576923076923 0.31417093990384615 0.4395769230769231 0.3124871802884615 0.44070833413461535 0.3131666658653846 0.44149999999999995 0.3116666658653846 0.44084375 0.3062916658653846 0.4396538461538461 0.30575213701923076 0.44062500000000004 0.3045 0.4396730769230769 0.304068375 0.44040625 0.3027083341346154 0.4396923076923077 0.30238461538461536 0.4401875 0.3009166658653846 0.43971153846153843 0.3007008557692308 0.43996874999999996 0.29912500000000003 0.4397307692307692 0.29901709374999996 0.43975000000000003 0.2973333341346154 0.4215 0.3113333341346154 0.431 0.339 0.4374583341346154 0.34011111057692306 0.4391923076923077 0.3461623918269231 0.439 0.36300000000000004 0.44275 0.3702222211538461 0.4435 0.37166666586538466 0.456 0.36300000000000004 0.45325 0.3593333341346154 0.43921153846153843 0.34447863221153846 0.43925000000000003 0.34111111057692306 0.43875000000000003 0.34033333413461536 0.43926923076923075 0.3394273509615384 0.43815 0.33866666586538463
3 0.46799999999999997 0.5646666658653846 0.481 0.5526666658653846 0.49375 0.544 0.5085 0.5353333341346154 0.5055000000000001 0.526 0.49724999999999997 0.506 0.493 0.5073333341346153 0.492 0.5113333341346153 0.48225 0.5113333341346153 0.482 0.505 0.4745 0.4956666658653846 0.48850000000000005 0.4913333341346154 0.486 0.48700000000000004 0.481 0.486 0.481 0.47933333413461543 0.47025 0.48700000000000004 0.46275 0.493 0.45775 0.4993333341346154 0.4485 0.5056666658653847 0.445 0.511 0.44099999999999995 0.5156666658653847 0.44200000000000006 0.527 0.44475 0.5363333341346154 0.44575 0.5483333341346154 0.45325 0.5676666658653846 0.455 0.5756666658653846 0.45775 0.5706666658653846 0.46375 0.566 0.46799999999999997 0.5646666658653846
3 0.413 0.587 0.42375 0.591 0.42275 0.5776666658653846 0.41975 0.5770000000000001 0.41774999999999995 0.5686666658653846 0.415 0.566 0.413 0.56 0.421 0.5549999999999999 0.41924999999999996 0.5426666658653846 0.41475 0.5303333341346154 0.40750000000000003 0.5183333341346154 0.40249999999999997 0.5093333341346153 0.37825000000000003 0.523 0.38475000000000004 0.535 0.38799999999999996 0.5489999999999999 0.3885 0.5636666658653846 0.39375000000000004 0.5760000000000001 0.39375000000000004 0.5833333341346154 0.39699999999999996 0.5966666658653846 0.413 0.587
3 0.36825 0.5906666658653846 0.36825 0.584 0.37575000000000003 0.5796666658653846 0.38225 0.58 0.391 0.5763333341346154 0.38825 0.5646666658653846 0.384 0.5583333341346154 0.37849999999999995 0.5573333341346154 0.37825000000000003 0.552 0.38025 0.5479999999999999 0.3835 0.5366666658653846 0.37849999999999995 0.5296666658653846 0.37174999999999997 0.5256666658653846 0.3665 0.5256666658653846 0.35674999999999996 0.527 0.35175 0.5296666658653846 0.34375 0.5309999999999999 0.33875 0.5373333341346154 0.33375 0.542 0.33275 0.55 0.33025 0.5593333341346154 0.33025 0.5680000000000001 0.33125000000000004 0.5770000000000001 0.335 0.583 0.34525 0.5843333341346153 0.34925 0.5933333341346153 0.357 0.5940000000000001 0.36200000000000004 0.5953333341346154 0.36825 0.5906666658653846
3 0.4535 0.6353333341346155 0.44575 0.613 0.43775000000000003 0.6036666658653846 0.42925 0.5983333341346154 0.4235 0.5916666658653846 0.412 0.5863333341346154 0.39699999999999996 0.5966666658653846 0.39175 0.6056666658653846 0.38799999999999996 0.6226666658653847 0.37224999999999997 0.635 0.36625 0.6156666658653845 0.36025 0.62 0.3565 0.641 0.36200000000000004 0.6503333341346154 0.37899999999999995 0.6643333341346154 0.37274999999999997 0.678 0.365 0.6849999999999999 0.35825 0.6703333341346155 0.35125 0.6716666658653847 0.3515 0.6920000000000001 0.36374999999999996 0.7080000000000001 0.374 0.701 0.3855 0.6983333341346154 0.3815 0.7226666658653845 0.38275 0.7353333341346153 0.38975 0.7416666658653847 0.4 0.7326666658653846 0.40700000000000003 0.7276666658653846 0.4105 0.7206666658653845 0.41800000000000004 0.7156666658653846 0.45275 0.6626666658653846 0.455 0.654 0.4535 0.6353333341346155
3 0.60175 0.771 0.5975 0.7696666658653846 0.5965 0.7813333341346154 0.60325 0.796 0.611 0.797 0.60525 0.8046666658653846 0.6104999999999999 0.8099999999999999 0.6194999999999999 0.8166666658653846 0.627 0.8123333341346155 0.637 0.8130000000000001 0.64175 0.8186666658653846 0.65425 0.8273333341346153 0.66125 0.8273333341346153 0.6617500000000001 0.8173333341346154 0.65025 0.801 0.6375 0.7936666658653846 0.64625 0.7936666658653846 0.6492500000000001 0.7909999999999999 0.6509999999999999 0.7793333341346155 0.64775 0.767 0.6595 0.7646666658653847 0.662 0.76 0.64225 0.7326666658653846 0.62225 0.7103333341346154 0.61175 0.7043333341346153 0.6072500000000001 0.7070000000000001 0.58775 0.7093333341346154 0.5815 0.7203333341346153 0.5760000000000001 0.7203333341346153 0.57475 0.7260000000000001 0.5802499999999999 0.7306666658653846 0.5872499999999999 0.7463333341346154 0.5905 0.7486666658653847 0.59175 0.7543333341346153 0.6012500000000001 0.7633333341346155 0.60175 0.771
3 0.54975 0.801 0.55325 0.8059999999999999 0.5670000000000001 0.8059999999999999 0.5770000000000001 0.8023333341346154 0.583 0.7936666658653846 0.58075 0.7676666658653846 0.57725 0.7653333341346154 0.57175 0.7736666658653846 0.5622499999999999 0.7816666658653847 0.55775 0.7806666658653847 0.5525 0.7763333341346154 0.5535 0.7566666658653846 0.562 0.7496666658653847 0.5625 0.7430000000000001 0.56925 0.7396666658653845 0.57275 0.7283333341346154 0.56175 0.7233333341346154 0.5475 0.7283333341346154 0.54025 0.736 0.5389999999999999 0.7456666658653847 0.5335 0.7713333341346154 0.538 0.7793333341346155 0.5469999999999999 0.778 0.5515 0.7906666658653846 0.54975 0.801
3 0.69425 0.6930000000000001 0.68625 0.6926666658653846 0.6792499999999999 0.6869999999999999 0.6715 0.6666666658653846 0.66625 0.658 0.66625 0.654 0.655 0.6543333341346155 0.6472499999999999 0.653 0.6405 0.6509999999999999 0.6405 0.6713333341346155 0.6377499999999999 0.7026666658653846 0.6587500000000001 0.712 0.68775 0.721 0.6940000000000001 0.7260000000000001 0.7080000000000001 0.7136666658653846 0.7080000000000001 0.6996666658653846 0.69425 0.6930000000000001
3 0.662 0.47366666586538464 0.6587500000000001 0.48733333413461544 0.6535 0.493 0.6545 0.5 0.6577500000000001 0.504 0.6575 0.5146666658653847 0.65625 0.5316666658653847 0.6605 0.5386666658653846 0.66875 0.537 0.68375 0.5246666658653847 0.69225 0.515 0.69675 0.5116666658653846 0.7 0.503 0.70525 0.4956666658653846 0.72725 0.49433333413461533 0.7412500000000001 0.492 0.744 0.4856666658653846 0.745 0.47266666586538464 0.7417499999999999 0.46699999999999997 0.737 0.454 0.73225 0.454 0.7252500000000001 0.447 0.718 0.43299999999999994 0.7132499999999999 0.4293333341346154 0.7055 0.4196666658653846 0.699 0.41766666586538465 0.6982499999999999 0.41333333413461537 0.6927500000000001 0.4063333341346154 0.6825 0.40299999999999997 0.66925 0.40333333413461536 0.6617500000000001 0.40266666586538463 0.6575 0.4073333341346154 0.659 0.41800000000000004 0.658 0.429 0.65825 0.44 0.66625 0.455 0.661 0.46266666586538463 0.662 0.47366666586538464
3 0.57475 0.432 0.59875 0.41433333413461537 0.60525 0.4126666658653846 0.643 0.41700000000000004 0.6565 0.4296666658653846 0.659 0.419 0.65825 0.40666666586538464 0.661 0.40266666586538463 0.67125 0.40266666586538463 0.6819999999999999 0.40266666586538463 0.657 0.3923333341346154 0.61475 0.37899999999999995 0.592 0.37899999999999995 0.5862499999999999 0.3866666658653846 0.5705 0.3903333341346154 0.56025 0.399 0.54075 0.39866666586538463 0.533 0.40800000000000003 0.5345 0.42 0.522 0.46433333413461536 0.5237499999999999 0.4916666658653846 0.53525 0.5513333341346154 0.54075 0.5686666658653846 0.565 0.5586666658653846 0.57625 0.5443333341346154 0.5655 0.511 0.60175 0.485 0.6024999999999999 0.47200000000000003 0.5934999999999999 0.45633333413461535 0.57475 0.432
3 0.52925 0.43400000000000005 0.515 0.43400000000000005 0.5095 0.41600000000000004 0.4945 0.41566666586538464 0.48325 0.415 0.46675 0.41866666586538465 0.47050000000000003 0.4353333341346154 0.48050000000000004 0.4553333341346154 0.48924999999999996 0.45899999999999996 0.49774999999999997 0.462 0.514 0.452 0.52075 0.4466666658653846 0.527 0.447 0.52925 0.43400000000000005
3 0.5555 0.39599999999999996 0.56025 0.39599999999999996 0.55725 0.373 0.5559999999999999 0.3616666658653846 0.5505 0.36200000000000004 0.5479999999999999 0.352 0.55125 0.3443333341346154 0.55325 0.33999999999999997 0.5425 0.33933333413461536 0.5377500000000001 0.34500000000000003 0.53325 0.3526666658653846 0.53525 0.358 0.5399999999999999 0.35 0.545 0.3553333341346154 0.5465 0.3663333341346154 0.543 0.3723333341346154 0.54125 0.3843333341346154 0.5367500000000001 0.3846666658653846 0.5315000000000001 0.3803333341346154 0.53025 0.37 0.525 0.364 0.5305 0.3606666658653846 0.5305 0.35466666586538464 0.527 0.35366666586538464 0.51875 0.361 0.516 0.3596666658653846 0.50825 0.369 0.516 0.372 0.52175 0.3763333341346154 0.5255 0.375 0.5315000000000001 0.3813333341346154 0.53725 0.3893333341346154 0.541 0.3973333341346154 0.5555 0.39599999999999996
4 0.43775000000000003 0.47000000000000003 0.46175 0.49533333413461544 0.47325000000000006 0.47266666586538464 0.45425 0.45066666586538456 0.43775000000000003 0.47000000000000003
3 0.7100000000000001 0.5516666658653846 0.70675 0.5443333341346154 0.69775 0.5413333341346154 0.6865 0.5406666658653847 0.6890000000000001 0.5586666658653846 0.6950000000000001 0.5586666658653846 0.69775 0.5670000000000001 0.6920000000000001 0.579 0.6890000000000001 0.5836666658653846 0.68725 0.5933333341346153 0.6835 0.5993333341346154 0.68325 0.5846666658653846 0.674 0.579 0.66875 0.587 0.67175 0.589 0.65725 0.5956666658653846 0.64475 0.6003333341346153 0.6375 0.608 0.6757500000000001 0.6593333341346154 0.6825 0.654 0.698 0.6453333341346154 0.7015 0.6386666658653847 0.7055 0.6383333341346155 0.716 0.6193333341346154 0.7294999999999999 0.561 0.7100000000000001 0.5516666658653846
3 0.657 0.5956666658653846 0.6715 0.5893333341346154 0.6685 0.587 0.6747500000000001 0.5783333341346154 0.66575 0.5860000000000001 0.661 0.588 0.66225 0.5816666658653846 0.66 0.5670000000000001 0.6652500000000001 0.565 0.672 0.566 0.673 0.5606666658653846 0.6797500000000001 0.5556666658653846 0.6822499999999999 0.5463333341346154 0.66225 0.5593333341346154 0.6415 0.5780000000000001 0.6265000000000001 0.622 0.6305000000000001 0.6433333341346154 0.6395 0.647 0.64675 0.653 0.66675 0.654 0.67225 0.6553333341346155 0.63725 0.6066666658653846 0.64475 0.601 0.657 0.5956666658653846
3 0.80925 0.44033333413461534 0.8042499999999999 0.4193333341346154 0.7889999999999999 0.3993333341346154 0.787 0.413 0.7775 0.419 0.7739999999999999 0.4273333341346154 0.7705000000000001 0.438 0.7607499999999999 0.4446666658653846 0.75675 0.46266666586538463 0.75425 0.48000000000000004 0.755 0.494 0.7729999999999999 0.5043333341346155 0.781 0.51 0.79525 0.512 0.81225 0.519 0.8145 0.5096666658653846 0.8089999999999999 0.46900000000000003 0.80825 0.4556666658653846 0.80925 0.44033333413461534
3 0.641 0.5596666658653846 0.635 0.5569999999999999 0.6357499999999999 0.5483333341346154 0.64025 0.5473333341346154 0.642 0.5506666658653846 0.6487499999999999 0.543 0.6465000000000001 0.5396666658653846 0.624 0.5406666658653847 0.61925 0.528 0.58275 0.527 0.58175 0.5793333341346154 0.584 0.5946666658653846 0.601 0.5993333341346154 0.6337499999999999 0.6 0.64125 0.5773333341346154 0.6487499999999999 0.5693333341346154 0.642 0.5656666658653846 0.641 0.5596666658653846
3 0.6335 0.5336666658653846 0.628 0.533 0.62775 0.519 0.6345 0.509 0.6184999999999999 0.47533333413461537 0.56625 0.51 0.581 0.5563333341346154 0.58225 0.528 0.6194999999999999 0.5276666658653846 0.624 0.5396666658653846 0.6302500000000001 0.5396666658653846 0.64325 0.5263333341346154 0.639 0.519 0.6335 0.5336666658653846
3 0.62425 0.6906666658653846 0.6167499999999999 0.6869999999999999 0.61475 0.6783333341346154 0.61125 0.6646666658653846 0.60275 0.6766666658653846 0.59675 0.6633333341346154 0.59475 0.6506666658653846 0.59725 0.643 0.60625 0.6479999999999999 0.61 0.6293333341346153 0.59625 0.6273333341346153 0.591 0.6153333341346154 0.59575 0.6106666658653845 0.60525 0.6213333341346154 0.6197499999999999 0.6316666658653846 0.61825 0.6123333341346154 0.61 0.612 0.6072500000000001 0.6106666658653845 0.59875 0.6113333341346153 0.5945 0.6063333341346154 0.60175 0.5996666658653846 0.56425 0.5866666658653846 0.5635 0.5976666658653846 0.564 0.62 0.56775 0.6253333341346153 0.5725 0.656 0.5802499999999999 0.7023333341346153 0.584 0.6916666658653846 0.59225 0.6873333341346155 0.59975 0.6906666658653846 0.61575 0.7006666658653846 0.62425 0.6906666658653846
3 0.7168500000000001 0.8396666658653846 0.7185833341346155 0.8397222211538462 0.71775 0.841 0.7212500000000001 0.8546666658653846 0.722 0.8463333341346153 0.7277500000000001 0.8376666658653846 0.728 0.824 0.72175 0.824 0.72275 0.8333333341346154 0.7194166658653847 0.8384444447115385 0.7141500000000001 0.8356666658653846 0.7132499999999999 0.8343333341346154 0.7000416658653846 0.8369444447115384 0.6943750000000001 0.8258333341346155 0.6944583341346154 0.8246666658653846 0.7055 0.8146666658653847 0.70475 0.8091666658653847 0.71575 0.8003333341346154 0.7145 0.8011111105769231 0.7145555552884615 0.799796295673077 0.69425 0.7906666658653846 0.68475 0.7929999999999999 0.6799999999999999 0.7896666658653846 0.6705 0.8320000000000001 0.69225 0.8216666658653846 0.69225 0.8266666658653846 0.6933541658653847 0.8256666658653846 0.70075 0.8383333341346154 0.705 0.8466666658653845 0.7123333341346154 0.8357037043269231 0.71505 0.837 0.7168500000000001 0.8396666658653846
3 0.768 0.7409999999999999 0.76525 0.782 0.7777499999999999 0.784 0.78025 0.7576666658653846 0.7857500000000001 0.736 0.802 0.7306666658653846 0.7865000000000001 0.715 0.777 0.7273333341346154 0.768 0.7409999999999999
3 0.824 0.6910000000000001 0.81075 0.6933333341346154 0.8034999999999999 0.6819999999999999 0.7837500000000001 0.679 0.7817500000000001 0.6836666658653846 0.7759999999999999 0.7263333341346154 0.78725 0.716 0.8007500000000001 0.728 0.801 0.733 0.8202499999999999 0.735 0.829 0.7443333341346154 0.8372499999999999 0.7100000000000001 0.824 0.6910000000000001
3 0.7975 0.5860000000000001 0.79825 0.5673333341346154 0.8007500000000001 0.5476666658653846 0.79725 0.5463333341346154 0.795 0.5556666658653846 0.79675 0.56 0.7915 0.564 0.7857142860576923 0.5711428581730769 0.7845 0.5706190480769231 0.783 0.5603333341346154 0.76525 0.5683333341346154 0.7605 0.5743333341346154 0.7447499999999999 0.5743333341346154 0.74075 0.5700000000000001 0.7395937499999999 0.56925 0.7384112908653846 0.5694802860576923 0.7384375 0.5685 0.73728125 0.56775 0.7371048389423076 0.5666344086538462 0.736125 0.5670000000000001 0.7349687500000001 0.56625 0.7364516129807692 0.5652114687500001 0.7331854831730769 0.5580967740384616 0.73225 0.5584 0.7325322572115385 0.5566738341346154 0.73187903125 0.5552508966346154 0.73275 0.5546666658653846 0.73975 0.5453333341346154 0.7395 0.535 0.739954545673077 0.5171212115384616 0.7388125 0.5164166658653846 0.74 0.5153333341346154 0.7348125000000001 0.5177499999999999 0.7339374999999999 0.5139166658653846 0.73275 0.5134444447115385 0.7335 0.512 0.7270000000000001 0.5043333341346155 0.73025 0.5 0.7294999999999999 0.494 0.7256666658653846 0.5035555552884615 0.719 0.4996666658653846 0.719 0.5073333341346153 0.7179374999999999 0.5085833341346153 0.7162499999999999 0.504 0.70575 0.4983333341346154 0.7109758076923077 0.5097168461538462 0.7114999999999999 0.5103333341346153 0.71162903125 0.5111397860576923 0.713125 0.5113333341346153 0.7122822572115385 0.5125627235576923 0.7135887091346155 0.5154086009615384 0.713 0.5167777788461538 0.70175 0.5146666658653847 0.7045 0.5233333341346154 0.7122499999999999 0.5326666658653847 0.704 0.541 0.70775 0.5463333341346154 0.7097499999999999 0.5516666658653846 0.729 0.5616666658653846 0.7250000000000001 0.5860000000000001 0.73125 0.5953333341346154 0.742725 0.5977333341346154 0.7428611105769231 0.5987407403846153 0.7235 0.6113333341346153 0.7202500000000001 0.6180000000000001 0.72375 0.6243333341346153 0.73425 0.6316666658653846 0.7545000000000001 0.6496666658653846 0.7665 0.6306666658653846 0.7658467740384616 0.6292437283653847 0.76755 0.6295999999999999 0.78225 0.6146666658653847 0.7929999999999999 0.602 0.7975 0.5860000000000001
3 0.53625 0.7793333341346155 0.5275 0.7803333341346155 0.47900000000000004 0.8069999999999999 0.48525 0.8330000000000001 0.49225 0.8366666658653846 0.51925 0.8206666658653846 0.53625 0.8143333341346154 0.545 0.803 0.54975 0.7973333341346154 0.5457500000000001 0.7773333341346155 0.53625 0.7793333341346155
3 0.48575 0.7589682548076924 0.48675 0.7594444447115385 0.49175 0.7533333341346153 0.49375 0.7426666658653847 0.49355 0.736 0.4925625 0.735625 0.4935 0.7343333341346153 0.48575 0.7351904759615385 0.48575 0.7250000000000001 0.48074999999999996 0.7046666658653845 0.48725 0.6900000000000001 0.47425 0.6923333341346154 0.474 0.7260000000000001 0.4745357139423077 0.751357141826923 0.47250000000000003 0.75 0.46799999999999997 0.75 0.46424999999999994 0.7693333341346154 0.475 0.7733333341346154 0.47496428605769225 0.7716428581730769 0.47545454567307693 0.7716969687499999 0.47492857211538464 0.7699523798076923 0.47590909134615383 0.7700606057692307 0.479545454326923 0.7569696971153845 0.48575 0.7606666658653847 0.48575 0.7589682548076924
3 0.3295 0.733 0.33175000000000004 0.721 0.31575000000000003 0.739 0.338 0.7693333341346154 0.337 0.75 0.3295 0.733
3 0.927 0.8170000000000001 0.92075 0.8076666658653846 0.9075 0.825 0.9145000000000001 0.8456666658653845 0.9369999999999999 0.8363333341346154 0.927 0.8170000000000001
3 0.6234999999999999 0.4633333341346154 0.6170000000000001 0.46 0.5992500000000001 0.46366666586538463 0.60275 0.47200000000000003 0.60275 0.4853333341346154 0.61925 0.4756666658653846 0.6345 0.503 0.646 0.503 0.63875 0.48800000000000004 0.64375 0.46466666586538463 0.6234999999999999 0.4633333341346154
3 0.54325 0.639 0.526 0.6203333341346154 0.52075 0.6296666658653846 0.5389999999999999 0.6499999999999999 0.53925 0.6423333341346154 0.54325 0.639
3 0.563 0.6856666658653846 0.57725 0.6856666658653846 0.57475 0.6689999999999999 0.5605 0.6593333341346154 0.55125 0.6693333341346153 0.5495 0.6859999999999999 0.563 0.6856666658653846
3 0.588 0.7106666658653846 0.606 0.7063333341346154 0.608 0.699 0.592 0.6893333341346154 0.5825 0.6976666658653846 0.5805 0.7176666658653846 0.588 0.7106666658653846