2 0.40818742067307695 0.22821970192307692 0.37623769711538463 0.18923703846153844 0.3329553221153846 0.21214582932692305 0.36077059375 0.24762338461538463 0.36548666346153846 0.2458096298076923 0.37985364663461535 0.2387981394230769 0.38461231730769235 0.2406832331730769 0.39201720192307693 0.23730464423076925 0.40818742067307695 0.22821970192307692
3 0.3414703293269231 0.1876411418269231 0.3421155865384616 0.19960017307692307 0.3456258221153846 0.20472529326923078 0.34989910336538466 0.20265723076923076 0.34694366826923073 0.19869868509615385 0.34600497355769233 0.1877017043269231 0.3414703293269231 0.1876411418269231
2 0.3583641778846154 0.26489588942307696 0.3630586947115385 0.2729623269230769 0.3695885216346154 0.2758646466346154 0.37895125240384614 0.27502372115384616 0.3870229495192307 0.27372396875 0.3957667235576923 0.27789781490384613 0.40461725240384616 0.27958916826923075 0.4114725961538461 0.2784387644230769 0.40770625480769235 0.27457978365384617 0.41536198317307693 0.2665402908653846 0.41468991105769226 0.2610666923076923 0.4206544158653846 0.2560129158653846 0.4155597091346154 0.25139101923076923 0.40431381009615386 0.25030245673076923 0.40252687259615383 0.23910094951923078 0.399278 0.23610445673076924 0.39400712499999996 0.23675163942307692 0.3880799567307692 0.24210950240384616 0.3808512379807692 0.2402190168269231 0.36401420673076923 0.2472251177884615 0.35643315384615387 0.25587278846153844 0.3583641778846154 0.26489588942307696
2 0.10091128365384616 0.6116626225961539 0.10089498317307692 0.6249375793269232 0.10505573557692308 0.6454164903846155 0.11493067067307693 0.6420432884615385 0.10974550721153846 0.6266289326923077 0.10784130048076923 0.6111203990384616 0.10091128365384616 0.6116626225961539
2 0.16347762019230772 0.6620110336538462 0.1702903701923077 0.65716178125 0.16784713701923076 0.6506709567307692 0.1572948701923077 0.645175798076923 0.15011400961538462 0.6503789254807693 0.16347762019230772 0.6620110336538462
2 0.2437954639423077 0.6055395649038462 0.24565233653846155 0.59049525 0.24060022596153846 0.589572204326923 0.23804446394230772 0.6056283533653846 0.2437954639423077 0.6055395649038462
3 0.26885724759615387 0.6722225432692308 0.24739511778846154 0.6683756201923077 0.24405000961538462 0.6746511442307692 0.267315375 0.6764246177884616 0.26885724759615387 0.6722225432692308
4 0.17913141346153846 0.6051451322115384 0.16346814182692307 0.6083030336538461 0.16559163221153844 0.5987821009615385 0.16598656490384614 0.591942795673077 0.15757882932692308 0.59050575 0.15249463942307692 0.5926733774038462 0.1447163798076923 0.5930110793269231 0.14694610817307693 0.604466891826923 0.15138451923076923 0.61379946875 0.12352035336538461 0.6181467788461539 0.11682435817307693 0.650762298076923 0.12564806730769232 0.6589390865384614 0.1649505985576923 0.6371363076923077 0.16468397596153844 0.6316129230769231 0.16795967067307693 0.6281239831730769 0.18371391346153845 0.6122993052884615 0.17913141346153846 0.6051451322115384
2 0.21467033894230766 0.9381614759615384 0.21199204567307695 0.9465158365384615 0.24102997115384614 0.9383203269230769 0.23147003365384616 0.9308512860576923 0.21956784134615384 0.93447340625 0.21467033894230766 0.9381614759615384
2 0.33385415144230773 0.5781220600961539 0.31826029567307695 0.5784933798076923 0.3180467908653846 0.5834583677884615 0.33349129807692307 0.5818706947115385 0.33385415144230773 0.5781220600961539
2 0.23584882211538463 0.2592577668269231 0.22680056971153845 0.27271568990384615 0.2300121081730769 0.27540809374999997 0.24164242067307692 0.2628678317307692 0.23584882211538463 0.2592577668269231
2 0.06805085817307692 0.984253360576923 0.06037935096153846 0.9821085697115385 0.05695956730769231 0.9877759110576924 0.0583037139423077 0.9987231129807692 0.06805085817307692 0.984253360576923