3 0.5674537836538461 0.21767234615384617 0.5675198341346154 0.2135363653846154 0.5647799543269231 0.2124649471153846 0.44045002403846156 0.25591231009615384 0.44993923557692306 0.25894813461538463 0.5674537836538461 0.21767234615384617
3 0.3557985360576923 0.13721140865384615 0.3547803028846154 0.14148121153846155 0.41643787259615384 0.13111657451923076 0.42701136778846155 0.12574661538461537 0.43671761057692304 0.1280236971153846 0.47841283653846156 0.12070733413461537 0.4767580985576923 0.11584220432692308 0.3557985360576923 0.13721140865384615
3 0.3311576634615384 0.2244221754807692 0.3379730480769231 0.22225060096153845 0.3507236754807692 0.15637340625 0.35983714903846153 0.11528208173076923 0.3653752259615385 0.07178028125 0.3592443822115384 0.07191367307692308 0.35265375961538464 0.11483515865384615 0.3311576634615384 0.2244221754807692
3 0.7524934783653846 0.45650370432692305 0.7534902572115385 0.4267484807692308 0.7476768076923077 0.4268372668269231 0.7477943293269231 0.42997646153846153 0.7423566418269231 0.5640087884615385 0.7293486610576922 0.5935101009615384 0.7317548485576922 0.5968131370192308 0.7355970264423076 0.5965159014423077 0.7487714254807692 0.5635927427884615 0.7491694519230769 0.5480009951923077 0.7493169903846154 0.5329299447115384 0.7515301538461538 0.48649697355769234 0.7524934783653846 0.45650370432692305
3 0.3331092524038462 0.38800213221153845 0.4016980360576923 0.45919736298076924 0.4060068677884615 0.4530086153846154 0.3419628197115384 0.38651509615384616 0.3359975336538461 0.3786145721153846 0.33537302884615383 0.344232264423077 0.3262852788461539 0.34405298076923074 0.32731124038461534 0.38129183173076925 0.3331092524038462 0.38800213221153845
3 0.0949705 0.2780068653846154 0.11998369951923077 0.3062913485576923 0.14529799278846153 0.3367182379807692 0.16797191586538462 0.3621757740384615 0.17950102884615385 0.37512028365384614 0.17747742788461537 0.36302458413461536 0.1668507403846154 0.3518952235576923 0.14409275240384617 0.3235365384615384 0.12907145192307692 0.3064706322115385 0.1026042451923077 0.27474929086538463 0.09675733894230769 0.27460003125 0.0949705 0.2780068653846154
3 0.5245534711538462 0.7507053557692308 0.5165517211538462 0.7513444350961538 0.4141382451923077 0.7895269182692307 0.41164970913461535 0.792546875 0.4124020192307692 0.795596858173077 0.4162613557692308 0.7977246802884616 0.4500706322115385 0.7849624447115384 0.5089359927884616 0.761639141826923 0.5204453725961539 0.758322375 0.5245534711538462 0.7507053557692308
3 0.39703580528846155 0.5411728461538462 0.4603455600961538 0.6116535120192308 0.4751661298076923 0.6272911490384616 0.48178078365384613 0.6236913028846154 0.45952462019230766 0.5989032956730769 0.4058053028846154 0.5367846610576923 0.4009774903846154 0.5369776730769231 0.39703580528846155 0.5411728461538462
3 0.1739714903846154 0.2851100264423077 0.18487440865384613 0.3442644759615385 0.19070415624999998 0.3419886754807692 0.1804197283653846 0.2849320264423077 0.1739714903846154 0.2851100264423077
3 0.16258229086538462 0.5748513798076923 0.20883081730769232 0.5285410625 0.20715892307692307 0.521250875 0.15608343990384616 0.5723662740384615 0.1577879326923077 0.5752824350961538 0.16258229086538462 0.5748513798076923
3 0.07770698076923077 0.6894618125 0.07323087259615385 0.6944603341346153 0.09307741105769231 0.6974970144230769 0.12892830769230768 0.7038676081730769 0.15243345432692307 0.7076038389423077 0.17214617067307694 0.7096883365384615 0.1550386514423077 0.703111002403846 0.11183708894230769 0.6951032596153847 0.07770698076923077 0.6894618125
3 0.39037053846153846 0.5421095865384615 0.3678999230769231 0.5319165408653845 0.36330629567307693 0.5337758677884615 0.36479375721153845 0.5374507716346154 0.38213546153846156 0.5456944230769231 0.39082261298076926 0.5476292331730769 0.4358933629807692 0.5459071466346154 0.44367722596153847 0.5414147379807692 0.39037053846153846 0.5421095865384615
3 0.3921531610576923 0.7850915625 0.40110196153846156 0.8464626201923077 0.40741637980769235 0.8453324399038462 0.3992027283653846 0.7845863052884615 0.3921531610576923 0.7850915625
3 0.3775324326923077 0.676453733173077 0.37882174278846154 0.6925365841346154 0.3844507620192308 0.6888325120192308 0.3836461201923077 0.6738952836538462 0.3775324326923077 0.676453733173077
3 0.31484809375 0.8246002283653847 0.31005459375 0.829643358173077 0.41046594711538464 0.8946669879807693 0.4154095649038462 0.8883890264423078 0.31484809375 0.8246002283653847
3 0.46861331009615387 0.8731438245192307 0.45071744951923076 0.8494422451923077 0.4293294014423077 0.8216192692307692 0.42293177644230767 0.8244603725961538 0.42358371875 0.82679621875 0.4628341730769231 0.8780827283653847 0.46861331009615387 0.8731438245192307
3 0.08009222115384616 0.7030398245192307 0.08123239182692309 0.7027698269230769 0.08139843269230769 0.7036675360576923 0.08244480528846153 0.7034931802884615 0.08270464663461538 0.7042952451923077 0.08432506971153846 0.7043102572115385 0.0848696298076923 0.7049398966346154 0.08594549278846153 0.704325266826923 0.08756591586538462 0.7043402788461539 0.08608204326923077 0.7056632524038461 0.09214410576923077 0.7092800384615384 0.1182570264423077 0.7223596490384616 0.1203775576923077 0.7167211947115385 0.09404760817307692 0.7044003245192307 0.09242718509615384 0.7043853125 0.09273213942307691 0.7037587067307692 0.05326809615384616 0.684510141826923 0.05213448798076924 0.6854092596153846 0.0519526298076923 0.6838685240384615 0.05092207451923077 0.6846859038461539 0.05063716346153846 0.6832269038461539 0.049709661057692305 0.6839625456730769 0.04932169471153846 0.6825852860576924 0.04849725 0.6832391923076924 0.048006225961538466 0.6819436658653846 0.04728483894230769 0.6825158341346154 0.04669075721153847 0.6813020480769231 0.04607242548076924 0.6817924759615385 0.04537528846153846 0.6806604302884616 0.04486001201923077 0.6810691201923077 0.04405982211538462 0.680018810096154 0.043647598557692305 0.6803457620192308 0.04274435336538462 0.6793771923076922 0.0424351875 0.6796224062499999 0.04142888461538462 0.6787355721153846 0.041222774038461536 0.6788990504807693 0.03879794711538461 0.6774523341346155 0.03306856490384615 0.6804422716346153 0.07617358413461538 0.7011566947115385 0.07759515384615384 0.7005997548076923 0.07747979567307692 0.70178440625 0.07880756490384615 0.7013231129807692 0.07878600721153847 0.7024121153846153 0.08001997836538462 0.70204646875 0.08009222115384616 0.7030398245192307
3 0.1600045576923077 0.6371141442307693 0.16526643028846152 0.6354036490384616 0.16324454567307692 0.63253209375 0.12490596875000001 0.63379353125 0.1223342235576923 0.6385244110576923 0.1600045576923077 0.6371141442307693
3 0.050597278846153844 0.7061374230769231 0.05059813942307692 0.7107494951923077 0.14289448798076923 0.706516983173077 0.12196194711538462 0.7026619423076923 0.050597278846153844 0.7061374230769231
3 0.1680517908653846 0.701282125 0.15233223076923078 0.7022776298076923 0.1615709591346154 0.7058341514423077 0.16770180048076921 0.7057007596153846 0.1680517908653846 0.701282125
3 0.40567921634615384 0.5773411322115385 0.4246113221153846 0.6038100408653846 0.4207828677884615 0.5880840456730769 0.41247830288461534 0.5773565721153846 0.40567921634615384 0.5773411322115385
3 0.159229 0.32990542307692305 0.1687714014423077 0.3494405697115385 0.17425030048076923 0.3469713317307692 0.16504244951923075 0.32981663701923075 0.159229 0.32990542307692305
3 0.3664321706730769 0.4546865216346154 0.3080986586538461 0.46337025721153846 0.30719708653846156 0.46616718269230767 0.3160841105769231 0.4649181923076923 0.3347597211538461 0.45962328846153844 0.34409795432692303 0.459281875 0.35782994711538463 0.4602649326923077 0.36484606249999996 0.45952162980769234 0.3664321706730769 0.4546865216346154
3 0.16678568028846152 0.8097252331730769 0.1751245576923077 0.8253028245192309 0.18130515384615384 0.8232204639423077 0.1742023966346154 0.8072263990384615 0.16678568028846152 0.8097252331730769
3 0.1707254903846154 0.25740756971153844 0.16611556490384613 0.2614539110576923 0.1637119543269231 0.27198709134615384 0.15980544230769228 0.2856444543269231 0.1669588125 0.30430162019230766 0.17885507211538462 0.3152525552884615 0.1742888846153846 0.28506542067307694 0.18175621153846155 0.2852296899038462 0.1878596153846154 0.31714275961538463 0.20954360576923078 0.3194357091346154 0.20287318509615385 0.2927000144230769 0.20023195432692306 0.2831185889423077 0.19784034374999998 0.2684043918269231 0.18989949038461537 0.23723505528846156 0.1818814423076923 0.2400611466346154 0.17979436538461538 0.2459376466346154 0.1707254903846154 0.25740756971153844
3 0.26849308413461537 0.4786463389423077 0.2633144206730769 0.47864591105769233 0.25618078365384617 0.47625001923076926 0.25434247355769235 0.4723816778846154 0.25103385817307694 0.4672634927884615 0.24834373076923077 0.46424310817307696 0.24496906490384618 0.4632609038461538 0.24393281730769228 0.4604935745192308 0.23948930528846152 0.46111806971153846 0.23803529807692309 0.45768121153846153 0.22520745432692307 0.4677374471153846 0.21613857692307692 0.47920736778846157 0.21144630048076923 0.4895767043269231 0.20931033173076924 0.5020142475961539 0.21208538461538462 0.5125478533653847 0.20874417067307693 0.5118036947115384 0.20603860817307693 0.5155823966346154 0.20707485576923076 0.5183497259615385 0.20889772836538462 0.5290171538461539 0.2120390673076923 0.5329451129807692 0.21932282211538462 0.5341061706730769 0.2230474783653846 0.5306697403846153 0.23222015865384618 0.5383622427884616 0.24342843990384616 0.5329030697115384 0.25645959375 0.5381113245192307 0.2681208076923077 0.5427838701923077 0.27916267548076923 0.5407465432692308 0.27491817548076924 0.5335751634615384 0.27414870913461536 0.528100125 0.27204189903846154 0.5177153485576923 0.26801356971153845 0.5051731538461538 0.26580639423076924 0.49407424278846157 0.26628934374999996 0.48599571634615385 0.26849308413461537 0.4786463389423077
3 0.21482693028846153 0.3432106346153846 0.2093274375 0.32480652403846155 0.19680154567307692 0.34161723798076926 0.21482693028846153 0.3432106346153846
3 0.3542245048076923 0.38624831249999997 0.3503960504807692 0.3705223173076923 0.3474888942307693 0.36826067307692306 0.34591736298076925 0.3616846201923077 0.34474471875 0.34412889423076926 0.3384114278846154 0.3336098701923077 0.3346841923076923 0.3232100841346154 0.3320944326923077 0.3209038341346154 0.3267141778846154 0.3148630625 0.32674677403846153 0.31048903365384617 0.32377185096153843 0.3031392283653846 0.3192108197115384 0.30062452884615387 0.31025602884615383 0.29678535576923076 0.3190993100961539 0.3297698413461539 0.32668845673076924 0.35613366826923076 0.3262518221153846 0.34381493750000003 0.3356904206730769 0.34418765625 0.33603098798076925 0.3788526153846154 0.34294845673076924 0.38661932211538463 0.3542245048076923 0.38624831249999997
3 0.3833535649038462 0.5382408197115385 0.37942560096153843 0.5264127596153846 0.37468013461538463 0.5202827764423077 0.36380640384615387 0.5281224014423077 0.35420138701923076 0.5311715264423077 0.34224079567307697 0.53358071875 0.3260537211538462 0.5358556658653846 0.3046047764423077 0.5398411057692308 0.3355446514423077 0.5481156346153846 0.35574203846153846 0.5513457524038462 0.37630571394230766 0.5479702211538462 0.37735739903846155 0.5439384639423077 0.36422588221153845 0.5380160745192307 0.36302235817307693 0.5340585192307692 0.3682173197115385 0.5318719326923077 0.3833535649038462 0.5382408197115385
3 0.21364316586538462 0.4453307475961538 0.2084970985576923 0.4409562908653846 0.2052879903846154 0.43194016826923076 0.19706835096153846 0.4287259182692308 0.19135526682692308 0.4295288389423077 0.19012000721153846 0.4345573846153846 0.18027994711538461 0.4313281201923077 0.18026278846153848 0.4289030625 0.17623617788461537 0.4255850144230769 0.1746329110576923 0.42799506009615385 0.17561940865384618 0.43271135817307693 0.18213627403846155 0.44223359375000004 0.18898855048076924 0.4587483533653846 0.19649190865384616 0.47298688701923075 0.20399441346153846 0.48261334855769233 0.210543875 0.48776155769230767 0.21490245673076924 0.4796238413461538 0.2248900576923077 0.4677820528846154 0.23733360336538462 0.4572943341346154 0.23425745192307693 0.4446183197115384 0.22730739182692308 0.4412256418269231 0.22251303125 0.44165669711538463 0.21364316586538462 0.4453307475961538
3 0.17306320432692307 0.78990871875 0.1654783533653846 0.7866052524038462 0.14867279086538462 0.7867823966346154 0.140005375 0.8011088629807692 0.14371459134615383 0.8044715168269231 0.15505669471153846 0.7999645240384615 0.1615049326923077 0.7997865264423076 0.17688908413461538 0.7917984951923077 0.18464035096153844 0.7916801129807692 0.18473985817307692 0.7877821778846154 0.17306320432692307 0.78990871875
2 0.6822516778846153 0.3896674903846154 0.6815491201923076 0.3846685408653846 0.6686166129807692 0.3709502764423077 0.6641396466346153 0.37133672596153844 0.6609159567307692 0.37373176201923075 0.6760873774038461 0.3895628365384616 0.6822516778846153 0.3896674903846154
3 0.7561392475961538 0.5676549495192308 0.7472187716346154 0.5686658942307692 0.7445475216346154 0.5772947139423077 0.7480894639423077 0.579467141826923 0.7552728509615385 0.5799140649038461 0.7614199951923077 0.5775936586538462 0.7640749471153847 0.5711518533653847 0.7623035456730769 0.5677596033653847 0.7561392475961538 0.5676549495192308
4 0.824793170673077 0.45046934375000003 0.8259280673076923 0.44472666346153844 0.8188270240384615 0.4379567451923077 0.8081668846153847 0.42658933894230766 0.7893711730769231 0.4149088293269231 0.7711939519230769 0.40532612259615386 0.7609704471153846 0.4062774471153846 0.7523510673076923 0.4094307980769231 0.7234373701923077 0.42708818509615387 0.7390565673076923 0.42537854567307687 0.7477265600961539 0.4248882980769231 0.7597214663461538 0.4273292235576923 0.77602778125 0.43741761778846155 0.7901457956730769 0.4480563052884615 0.8051499423076923 0.46269715384615384 0.824793170673077 0.45046934375000003