2 0.3597560889423077 0.416618 0.3743112259615385 0.40256490625 0.38361829086538457 0.39309735576923077 0.3853971298076923 0.3859628293269231 0.38400319951923073 0.37509022596153846 0.3813205600961539 0.36305430769230773 0.3759640721153846 0.35287773557692304 0.36614690625 0.33906297836538457 0.3625796418269231 0.33817356009615385 0.3595104951923077 0.3416183581730769 0.3353654014423077 0.38780259615384616 0.3233916802884615 0.4104983533653846 0.3223038125 0.4135951346153846 0.32379496875 0.42154496153846155 0.32667206009615385 0.4277353317307692 0.33192732692307697 0.4345186466346154 0.33638640625 0.4356304206730769 0.347379079326923 0.4282671466346154 0.3597560889423077 0.416618
3 0.8640364302884616 0.7115921370192309 0.8717607091346153 0.7059399735576922 0.8723536562499999 0.7035617980769231 0.8834451490384615 0.6958021586538461 0.888890875 0.6904238942307692 0.8986952548076924 0.6840273533653847 0.9037456826923077 0.6802345384615385 0.9058217908653846 0.6731741322115384 0.9054248966346155 0.6722331682692307 0.9082963942307691 0.66958109375 0.9151280576923077 0.6624433725961538 0.9105701538461539 0.6617279591346155 0.8528341274038461 0.700800045673077 0.8437231129807692 0.7069484591346153 0.8418438509615385 0.7119529375 0.8448165721153846 0.7126941201923077 0.844718548076923 0.7143536875 0.8461076802884615 0.7176470552884615 0.8458120072115385 0.7200993485576923 0.8487847283653847 0.72084053125 0.8558172355769231 0.7179629086538462 0.8640364302884616 0.7115921370192309
3 0.9156341634615385 0.6794096490384616 0.9090997764423077 0.6866214927884615 0.8981110985576923 0.700300798076923 0.8899915264423076 0.7075384110576923 0.8912850288461538 0.7162809639423077 0.8943581730769231 0.7191521971153846 0.8973284951923077 0.7161037596153845 0.9010886129807693 0.7086212163461538 0.9059389951923078 0.7018315096153847 0.9203945120192307 0.6869115721153847 0.9156341634615385 0.6794096490384616
4 0.7109983798076923 0.4503042451923077 0.7079316298076923 0.4575386634615385 0.7048640793269231 0.463509875 0.7080392427884615 0.4710375673076923 0.7117053293269231 0.4715306225961538 0.7231921225961538 0.4621855360576923 0.7284370024038461 0.4525471706730769 0.7275435889423078 0.4497984038461539 0.7196160673076922 0.4474008509615385 0.7152558125 0.4458927139423077 0.7109983798076923 0.4503042451923077
2 0.8392597788461539 0.5424867331730769 0.8442137788461538 0.5428799014423077 0.8469856538461538 0.5393609831730769 0.8443954447115385 0.5168230504807693 0.837461764423077 0.5193043125 0.8392597788461539 0.5424867331730769
2 0.8209690336538462 0.4461478365384615 0.82274946875 0.44153972115384615 0.8211634855769231 0.4403022860576923 0.8021412740384615 0.4406115456730769 0.8023453149038461 0.44992446875 0.8195838942307693 0.44917050000000003 0.8209690336538462 0.4461478365384615
2 0.7572074014423078 0.20038302163461538 0.7710683725961539 0.18531484615384614 0.7674979110576923 0.17937260576923078 0.7538345889423077 0.1936480528846154 0.7572074014423078 0.20038302163461538
2 0.7690439423076924 0.11744973317307691 0.7613020865384615 0.09531136057692308 0.7547668966346154 0.10125999759615384 0.7625087548076923 0.12339836778846153 0.7690439423076924 0.11744973317307691
2 0.4194025168269231 0.8916450384615384 0.4100762764423077 0.8707956442307693 0.4065122091346154 0.8749590504807692 0.41544155528846155 0.894867483173077 0.4194025168269231 0.8916450384615384
2 0.3736849591346154 0.9787609086538461 0.37386982451923073 0.9577568870192308 0.36871817548076924 0.9581564471153846 0.3685333125 0.9791604687500001 0.3736849591346154 0.9787609086538461
2 0.3105018918269231 0.7078802091346154 0.2928648197115385 0.7051668028846154 0.29207582451923075 0.7108641153846154 0.3087230552884615 0.7150147379807692 0.3105018918269231 0.7078802091346154