3 0.28163893028846154 0.9766610600961538 0.2878247091346154 0.9998968341346154 0.29817409615384616 0.9884609711538462 0.32109331009615383 0.8612815456730769 0.3044791394230769 0.8612102860576923 0.28163893028846154 0.9766610600961538
3 0.3316719783653846 0.9123757716346154 0.33595126442307693 0.936981 0.34913870673076924 0.9508521298076923 0.36380093990384615 0.9509915504807692 0.3794045432692308 0.936115014423077 0.38218424038461535 0.9177776682692307 0.3765546105769231 0.8964767884615384 0.3653872668269231 0.8844894278846154 0.34688932451923077 0.8864382692307693 0.33840098798076923 0.8952033870192307 0.3316719783653846 0.9123757716346154
3 0.38563369230769234 0.9046284399038461 0.40106740384615386 0.8988779735576924 0.42187978125000003 0.8792594759615385 0.4201540216346154 0.8578222692307692 0.43262523076923076 0.8371921706730769 0.4290275769230769 0.8321062956730769 0.396867125 0.8625440961538462 0.38020854807692306 0.8891833653846154 0.38563369230769234 0.9046284399038461
3 0.47368092548076923 0.7536772211538462 0.4874100841346154 0.9929271586538462 0.4966590552884615 0.9919527403846153 0.48148866586538464 0.7534045697115384 0.47368092548076923 0.7536772211538462
4 0.27896350961538463 0.7461452572115385 0.27610480528846154 0.7762112548076924 0.2826184831730769 0.7668636562500001 0.29461359134615384 0.7605818317307692 0.3000139399038461 0.7193526201923077 0.29389632211538463 0.69806878125 0.2840912043269231 0.6971083052884615 0.28202670192307694 0.7219350649038462 0.27896350961538463 0.7461452572115385
2 0.4156748701923077 0.6456097307692308 0.44630424278846154 0.6412829375 0.4501735144230769 0.6261647355769231 0.41480062740384616 0.6345658052884615 0.4156748701923077 0.6456097307692308
3 0.5777556442307692 0.08231838701923078 0.5674852644230769 0.08202559615384615 0.5595639182692308 0.07904502403846154 0.5524940913461539 0.08645773076923077 0.5495099062500001 0.09893927403846153 0.5346323389423077 0.10662463221153845 0.48359956490384615 0.14228153846153846 0.48693644711538464 0.15389090625000001 0.4980237475961538 0.14959509615384617 0.5222520120192308 0.12985731009615384 0.5522679182692308 0.10796309855769232 0.5606772475961539 0.11092663221153846 0.5737392067307693 0.10721330528846154 0.587231826923077 0.08785041586538461 0.5902841754807693 0.07732080769230769 0.5831343076923077 0.06845035096153845 0.5777556442307692 0.08231838701923078
3 0.7611931706730769 0.44728022115384614 0.7626049927884615 0.4468575336538461 0.7632808028846154 0.44905041346153846 0.7644970264423077 0.44907149759615383 0.7653684326923076 0.4508206057692308 0.7663890600961539 0.4512854591346154 0.7695436971153846 0.4543609903846154 0.7701731322115385 0.4557133870192308 0.7716313269230769 0.45613118509615386 0.7720651658653845 0.45792734855769235 0.7737189591346154 0.4579013774038462 0.7739572019230769 0.4601413125 0.7758065889423077 0.4596715673076923 0.7758492355769231 0.4623552764423077 0.7778942211538461 0.4614417596153846 0.7777412716346154 0.4645692403846154 0.7799818533653846 0.4632119519230769 0.782069483173077 0.4649821442307692 0.7796333052884615 0.4667832043269231 0.790985514423077 0.48006698317307694 0.7987705336538462 0.47914368749999997 0.7966829014423078 0.4773734951923077 0.79683959375 0.47701483653846155 0.7945952716346153 0.47560330048076926 0.7949086538461538 0.4748859903846154 0.7925076394230769 0.47383310817307694 0.7929777115384616 0.4727571418269231 0.7904200096153846 0.4720629158653846 0.7910467716346153 0.4706282932692308 0.7871848894230769 0.46637059615384613 0.7862447451923077 0.46852253125 0.7841571153846154 0.46675233894230767 0.7852539495192308 0.4642417475961539 0.7369804302884616 0.4110205360576923 0.7345980721153846 0.41135499759615385 0.7350494879807693 0.4088916875 0.7328928389423077 0.4079944951923077 0.733118548076923 0.40676284134615387 0.7311876081730768 0.4046339903846154 0.7257034375 0.41718694471153844 0.7131776490384615 0.40656579086538464 0.7076320192307691 0.4063251538461538 0.708303233173077 0.39989590384615387 0.7117472596153847 0.39358696875 0.7064426586538463 0.3935860841346154 0.7016885985576924 0.39002959374999996 0.7040185240384615 0.38213096875 0.7008406923076923 0.3750761201923077 0.6925904086538461 0.37666710096153844 0.69318115625 0.393583875 0.7005236322115385 0.39397890625000004 0.7037903581730769 0.39358564423076925 0.70658121875 0.4030503701923077 0.7048592043269231 0.4062048389423077 0.7277910673076923 0.41895713701923076 0.7549302764423077 0.4419696418269231 0.7569288870192307 0.4402156418269231 0.7570179086538461 0.44373983413461543 0.7588209206730769 0.44242960576923074 0.7591055384615385 0.44551002644230764 0.7607129591346153 0.4446435673076923 0.7611931706730769 0.44728022115384614
3 0.7121546442307692 0.05547615865384615 0.7123126538461538 0.03201885576923077 0.7005101586538461 0.029825254807692308 0.6980366754807693 0.042940401442307694 0.6848837668269231 0.08602240144230769 0.678099576923077 0.10161464423076924 0.6622124783653847 0.12236402884615384 0.6457919567307692 0.1418291610576923 0.6558470048076923 0.1499467331730769 0.6651414182692308 0.15027360336538462 0.6797019278846155 0.16149103365384615 0.7014783942307693 0.12750721874999998 0.6885228389423077 0.08296694951923077 0.6862406033653846 0.08290395192307692 0.6875974423076923 0.07978550240384616 0.7088642403846154 0.0731799014423077 0.7121546442307692 0.05547615865384615
4 0.4927778221153846 0.3771303269230769 0.5105497283653846 0.3823726634615384 0.5180047764423077 0.35800910336538466 0.48112145913461535 0.33714818750000003 0.4764233894230769 0.34252375721153844 0.4811333389423077 0.3514794206730769 0.4710901682692308 0.35769308413461537 0.4875798918269231 0.3681917019230769 0.4927778221153846 0.3771303269230769
3 0.4812913485576923 0.3280221177884615 0.4725936201923077 0.3517776346153846 0.47060852884615384 0.35389433173076923 0.46940296634615386 0.3560148293269231 0.4686234326923077 0.3560110336538462 0.4675152331730769 0.35325785096153844 0.4657517788461538 0.35592518749999996 0.46663833894230766 0.35812773076923077 0.4639883245192308 0.35859252163461536 0.46465324519230766 0.36024443269230766 0.46222487019230774 0.36125985817307693 0.46266814903846154 0.3623611298076923 0.46046141586538464 0.36392719471153845 0.46068305769230766 0.36447782932692313 0.45869796153846154 0.36659452884615384 0.4654280096153846 0.37743396634615384 0.47317843028846157 0.3615287908653846 0.4712906971153846 0.3587718125 0.47457871634615384 0.3496609350961538 0.48648928124999996 0.33696073798076925 0.5814581346153846 0.16036171153846152 0.5762374831730769 0.15077244471153844 0.4812913485576923 0.3280221177884615
3 0.34845491826923075 0.25969975240384613 0.38033187740384616 0.23513480048076923 0.37622351682692307 0.22941531971153847 0.3560798557692308 0.22621012019230768 0.34845491826923075 0.25969975240384613
3 0.40867808653846155 0.1479379014423077 0.4174490985576923 0.1367743028846154 0.4457382091346154 0.06543106490384615 0.42878322115384615 0.05560012980769231 0.4192399134615385 0.07612798317307692 0.40642788701923077 0.08699840625 0.41027547355769234 0.099241375 0.41031846394230764 0.11096576682692308 0.38912228125 0.10910020192307691 0.3904676225961538 0.11210996875 0.3879526298076923 0.11219779567307693 0.37391681490384615 0.14936893509615384 0.39639866826923076 0.1635669375 0.39815287259615384 0.16133421875 0.3988113221153846 0.16270096153846153 0.3999070745192308 0.15910149759615383 0.40122397596153847 0.16183498317307693 0.4084619375 0.15923704807692307 0.4066117283653846 0.14822720432692307 0.40867808653846155 0.1479379014423077
3 0.4480846923076923 0.30051842548076924 0.44437446875000003 0.3201911442307692 0.4518532740384615 0.3244900456730769 0.4569938846153846 0.3177961490384615 0.46837656009615386 0.32195872596153846 0.47879410817307694 0.3124747980769231 0.4843772620192308 0.30446256971153846 0.44772115625000003 0.2901081033653846 0.4480846923076923 0.30051842548076924
3 0.5620208990384615 0.23335014903846155 0.5633376802884615 0.2430757451923077 0.5725866514423077 0.24210132451923078 0.5951810769230769 0.23154073076923076 0.5970756899038462 0.2158400456730769 0.5620208990384615 0.23335014903846155
3 0.9584899206730769 0.19800767548076925 0.9872582427884615 0.196351625 0.9870310336538461 0.18984517307692308 0.9582399879807693 0.19085057932692306 0.9584899206730769 0.19800767548076925
3 0.9892006538461539 0.2864863125 0.9897371225961538 0.2853260096153846 0.987769889423077 0.28375680528846153 0.98857459375 0.2820163509615385 0.986339125 0.28102729807692306 0.9874120625 0.27870669471153847 0.984908358173077 0.2782977908653846 0.9834775913461539 0.2755682836538461 0.9862495336538462 0.27539703605769233 0.9839244711538462 0.2687777163461539 0.9817853461538462 0.2704810144230769 0.9806160600961539 0.27010926682692304 0.97203146875 0.2537322235576923 0.968341516826923 0.2282812596153846 0.9625993149038461 0.2317389735576923 0.9796462211538461 0.27218431009615385 0.9820468269230769 0.2728387740384615 0.9808311201923078 0.2753349783653846 0.9914951971153846 0.30369101923076924 0.992062185096154 0.29194532692307695 0.9906314206730769 0.2892158197115385 0.9908996538461537 0.28863566826923076 0.9892006538461539 0.2864863125
4 0.9561895192307692 0.90164159375 0.963906375 0.898766360576923 0.9748919495192307 0.9055485600961538 0.9771165384615385 0.9132881370192307 0.9801461682692308 0.9021078846153846 0.9792827692307693 0.8773833725961538 0.96926128125 0.8562358605769231 0.9610337211538462 0.8584774879807693 0.9526254278846154 0.8835257740384616 0.9523538125000001 0.9037298557692307 0.9588458052884616 0.9217434278846154 0.9637256442307692 0.9215730192307692 0.9561895192307692 0.90164159375
3 0.40976947596153845 0.5324656514423076 0.39418651923076925 0.4919691947115385 0.38837615625 0.4934749759615385 0.4014510288461538 0.5321047019230769 0.4277266971153846 0.6068490024038462 0.4301643605769231 0.6074043701923076 0.4287777235576923 0.6098387716346154 0.4310141466346154 0.6105268173076923 0.4310848245192308 0.6111968028846154 0.42982875240384616 0.612828545673077 0.43186393269230766 0.613649264423077 0.4320904326923077 0.6148097403846153 0.43087977644230774 0.6158183173076923 0.43271372115384615 0.6167717091346153 0.4330960432692308 0.6184226802884615 0.4319308052884615 0.6188080889423078 0.4335635072115384 0.61989415625 0.4329818317307692 0.6217978605769231 0.43410165144230767 0.6220356201923077 0.43441329567307696 0.6230166033653847 0.4340328581730769 0.6247876346153846 0.4351072596153846 0.6256485576923076 0.43508388461538466 0.62777740625 0.43611286778846153 0.6292614951923077 0.4361349110576923 0.6307671778846153 0.44139004567307694 0.6457160384615384 0.4430246826923077 0.6453060913461539 0.44244107211538464 0.6487058100961539 0.4440108629807692 0.6486736105769231 0.44349209855769234 0.6516955841346154 0.4449970432692308 0.6520411298076922 0.444543125 0.6546853533653846 0.44598322596153844 0.6554086490384615 0.4455941514423077 0.6576751274038461 0.44696940625 0.6587761682692308 0.44664518028846156 0.6606648990384615 0.4479555889423077 0.6621436850961538 0.4476962043269231 0.663654670673077 0.4489417692307692 0.665511201923077 0.44874723317307696 0.6666444423076924 0.44992794951923076 0.6688787211538462 0.4497982596153846 0.6696342139423077 0.45084928365384613 0.6726239879807692 0.4519003125 0.6756137596153846 0.4601960360576923 0.6753240649038462 0.44825617788461536 0.6412147740384615 0.4427628725961539 0.6238177644230769 0.4379393197115385 0.611608875 0.4345120721153846 0.6114028365384615 0.42931457211538465 0.6042819230769231 0.40976947596153845 0.5324656514423076
2 0.1252279639423077 0.8068860937500001 0.11078209615384615 0.8269337091346153 0.1223238173076923 0.8356508028846155 0.1358283173076923 0.8306191466346153 0.14709738701923075 0.8315284975961539 0.15127390865384616 0.8391999134615384 0.13773584615384615 0.8572615120192307 0.15225091346153846 0.8671776514423077 0.16725396394230768 0.87707675 0.17787600240384613 0.873448625 0.18403802403846156 0.8680219375 0.18600183653846153 0.8822850048076922 0.18184907211538462 0.9032760552884616 0.17828601682692308 0.9131720576923077 0.18185010817307695 0.931287875 0.18725253125 0.9460823052884616 0.20604481009615386 0.92458003125 0.20462526442307694 0.8979206225961539 0.20549846875 0.8809527307692308 0.22225877163461538 0.8432354519230769 0.22807997596153845 0.8280490865384615 0.2190690576923077 0.8218493701923077 0.21854647355769233 0.80688453125 0.20538175480769233 0.7936640456730769 0.16984981971153848 0.7975106009615385 0.14591589423076923 0.7976949543269231 0.1252279639423077 0.8068860937500001
3 0.3223465528846154 0.6873036995192308 0.33337653125 0.6673753701923076 0.32069979567307694 0.6541378437500001 0.32064247596153844 0.6385053197115386 0.31301650240384615 0.6439831322115384 0.3140497908653846 0.6595815721153847 0.3064129759615385 0.6787399735576923 0.3223465528846154 0.6873036995192308
2 0.63636903125 0.6554917596153846 0.6447112355769231 0.6845151778846154 0.6506914879807693 0.673883326923077 0.647059233173077 0.6538155721153847 0.63636903125 0.6554917596153846
2 0.6223527908653845 0.6318779951923077 0.6527213918269231 0.6340746899038462 0.6522669711538461 0.6210617908653846 0.6237821418269232 0.6168449951923077 0.6223527908653845 0.6318779951923077
2 0.7661355721153846 0.8737521826923077 0.7885947067307693 0.8872995384615384 0.7920668774038462 0.8748009567307692 0.7699821225961538 0.8579833341346154 0.7661355721153846 0.8737521826923077
2 0.8231464447115384 0.1558304014423077 0.8454919711538461 0.16612453124999998 0.8485670432692308 0.15624556971153847 0.8256653677884616 0.14401654567307692 0.8231464447115384 0.1558304014423077
2 0.6265489254807692 0.5561645961538462 0.6467369927884616 0.5326592644230769 0.6406994182692307 0.52765859375 0.6202614206730769 0.544006829326923 0.6265489254807692 0.5561645961538462
2 0.4092396346153846 0.3214180793269231 0.4281346778846154 0.31684961778846155 0.42677245192307695 0.3058227331730769 0.4082972307692308 0.30842221634615385 0.4092396346153846 0.3214180793269231
2 0.39891966586538463 0.20777672355769233 0.38989790625 0.21525759134615383 0.3985798870192308 0.2260288653846154 0.4065585552884615 0.24464196153846154 0.40840772596153846 0.22763998557692308 0.39891966586538463 0.20777672355769233