3 0 0.24790419951923076 0.01567719230769231 0.24593213701923075 0.03173826923076923 0.24165524278846154 0.03422955048076923 0.2396220721153846 0.024096247596153846 0.22320592548076926 0.018324591346153846 0.2270465625 0.012847338942307692 0.22579668509615386 0.004445225961538461 0.23068022596153848 0 0.22901722836538463 0 0.24790419951923076
2 0.15481262980769234 0.5676996442307692 0.12200888942307693 0.5857742788461539 0.14159257211538462 0.64428484375 0.1503493125 0.654498877403846 0.16647328125000002 0.6380952139423077 0.21865058413461538 0.599794125 0.20288613221153848 0.5720514591346154 0.19328052163461537 0.5360378173076923 0.16660350961538464 0.5599835793269231 0.15481262980769234 0.5676996442307692
3 0.10267055048076923 0.5541579663461539 0.1188551875 0.5525565817307693 0.12882120432692307 0.5336522716346154 0.11690809855769231 0.5225354014423077 0.11184925240384615 0.5134847091346153 0.1038022139423077 0.528080014423077 0.09261397355769231 0.5454730504807692 0.10276422115384615 0.5440465264423077 0.10267055048076923 0.5541579663461539
3 0.2678963653846154 0.6484135985576922 0.26944421394230766 0.6414638798076923 0.29476071875 0.6042449567307693 0.26153990384615383 0.6139629759615385 0.2349262283653846 0.6203961610576924 0.20931754086538462 0.6357765480769231 0.21496296874999998 0.6615752620192308 0.22192295673076926 0.694931235576923 0.2781371706730769 0.6745763028846153 0.28938652644230767 0.666599733173077 0.2719029375 0.6589586153846153 0.2718717139423077 0.6623290961538462 0.2655741466346154 0.6642239903846154 0.2678963653846154 0.6484135985576922
3 0.3926179711538461 0.7005632235576923 0.40229136298076923 0.6652061899038462 0.41668236298076927 0.6490460793269232 0.4302695480769231 0.6235738822115385 0.4167162548076923 0.6133607427884615 0.4077422836538461 0.610582641826923 0.3664918173076923 0.6116674879807692 0.3508946514423077 0.6192452740384616 0.35494939423076927 0.6085771418269231 0.32593943990384616 0.590774625 0.31481409374999997 0.5960408942307692 0.3073108004807692 0.5839676538461538 0.28753355048076923 0.6210813028846154 0.2696453894230769 0.6410989975961539 0.26859267548076926 0.6479791322115385 0.26532657932692305 0.6642587836538462 0.27027791826923075 0.6635629182692308 0.2712530192307692 0.6597231754807692 0.28858182211538463 0.6680592644230768 0.30954651442307696 0.6789138461538461 0.33623602884615383 0.6909835120192308 0.36862002644230774 0.6968671225961539 0.3926179711538461 0.7005632235576923
3 0.4893287836538462 0.6270549711538462 0.4712412235576923 0.6258943076923077 0.45979336057692305 0.6019209038461538 0.44199842548076923 0.6172129687500001 0.4340923365384616 0.6112553028846154 0.4275150865384615 0.6273270889423077 0.41675997836538464 0.6460056899038461 0.4121480985576923 0.6580985600961539 0.41380123076923075 0.6878244447115385 0.41697098798076926 0.7139710913461539 0.4219201057692308 0.7402042716346154 0.43683568509615384 0.7421473341346154 0.47452831971153847 0.730117798076923 0.47601505528846155 0.7137516081730768 0.4972170360576923 0.6616269206730769 0.4973115961538461 0.6407438629807692 0.4987354399038461 0.6365044447115384 0.4972045360576923 0.6256114951923077 0.4893287836538462 0.6270549711538462
3 0.48535887499999997 0.9221459471153846 0.47565914663461534 0.9016295576923077 0.4867679951923077 0.9088201490384615 0.4921551346153846 0.8770949903846154 0.4942311177884615 0.8451619663461538 0.4780165913461539 0.8339764014423078 0.45657148557692306 0.8322777860576923 0.4421207067307692 0.8228639975961538 0.4138842331730769 0.8069724326923077 0.3928883173076923 0.7994883317307693 0.36052126201923074 0.7757620504807693 0.35341854567307696 0.7845022860576923 0.3519014735576923 0.7934673341346153 0.34219908173076924 0.8052658028846154 0.32401518269230767 0.8465314399038462 0.34129714903846153 0.85992325 0.3523132139423077 0.8664536634615385 0.36220028365384616 0.8667471730769231 0.3703227163461538 0.8760405240384616 0.4087393269230769 0.9032925120192308 0.44618172596153843 0.923612625 0.4770477668269231 0.9492329038461539 0.48535887499999997 0.9221459471153846
4 0.7210602932692307 0.11313608653846154 0.6944635625 0.1017265985576923 0.6828288004807692 0.09259026442307693 0.6659005721153846 0.10506764903846154 0.6497293245192307 0.13191284134615386 0.6573418990384615 0.13218939903846152 0.6658510697115385 0.14243822596153846 0.6806738677884615 0.14372111057692308 0.6863063509615385 0.13889020673076924 0.6927734278846154 0.14538671875 0.7112495048076923 0.1259596153846154 0.7210602932692307 0.11313608653846154
3 0.5473651370192308 0.4633850456730769 0.5484013533653846 0.4689617716346154 0.5597582115384616 0.4707317620192307 0.5708835600961538 0.46546549278846155 0.5816841706730769 0.4578886009615385 0.5672806706730769 0.43803328365384614 0.5585065432692308 0.4510477283653846 0.5473651370192308 0.4633850456730769
3 0.6533465985576924 0.5474534254807693 0.64454346875 0.5369093028846155 0.6367912764423077 0.5410282836538461 0.644449798076923 0.5470207427884616 0.6447589230769231 0.5510166081730768 0.6533465985576924 0.5474534254807693
3 0.7038694375 0.4955838798076923 0.6974166394230769 0.5035595552884615 0.7078599567307692 0.5131999471153846 0.7116046850961539 0.5093075673076923 0.7038694375 0.4955838798076923
4 0.761088641826923 0.48417615384615387 0.7668277427884616 0.49986342548076923 0.7743029206730768 0.47760648076923073 0.7658856418269231 0.4787894519230769 0.761088641826923 0.48417615384615387
3 0.8595409230769231 0.49491206009615385 0.8856563533653846 0.5262491298076923 0.9060969110576923 0.5136147307692307 0.878294014423077 0.49362292307692307 0.8595409230769231 0.49491206009615385
3 0.5149096923076922 0.19832240144230767 0.5008465432692307 0.17909246874999998 0.49962387500000005 0.18296700240384614 0.512263625 0.20105054326923077 0.5149096923076922 0.19832240144230767
3 0.5206340697115385 0.20492329326923078 0.5220119663461539 0.19496797596153848 0.5206354014423077 0.18876586298076925 0.51653515625 0.18833228846153846 0.5108562836538462 0.19283310336538462 0.5115980961538461 0.20350034375 0.5146304567307692 0.20711348317307693 0.5206340697115385 0.20492329326923078
4 0.20816132211538463 0.5844378365384615 0.2187442548076923 0.5896826850961538 0.22292256009615385 0.5816900625 0.2313398389423077 0.5805070913461539 0.23915447836538462 0.5696471466346154 0.21795738701923076 0.5625279278846154 0.2117829326923077 0.572484139423077 0.20526857692307693 0.57642915625 0.20816132211538463 0.5844378365384615
3 0.13566613221153848 0.6488204495192308 0.1213536346153846 0.6511685504807693 0.10804657451923078 0.6570780456730769 0.10293911538461538 0.6746263124999999 0.10413011538461539 0.6795080649038462 0.10281422115384616 0.6881082331730769 0.11369066826923077 0.6990341875 0.12119396153846154 0.7111074278846155 0.14400046153846155 0.7153075841346154 0.15006651923076925 0.7063764350961539 0.13937741346153845 0.6752276009615384 0.1423031610576923 0.6583225625 0.13566613221153848 0.6488204495192308
3 0.22144254567307692 0.7040872019230769 0.23833643990384615 0.7326809639423076 0.26524540865384616 0.7103856490384615 0.26451920673076923 0.6980331706730769 0.24466745432692308 0.7004865432692308 0.22484648076923078 0.7049552451923078 0.22144254567307692 0.7040872019230769
3 0.7072056995192307 0.9414587860576924 0.7115677908653846 0.9563297596153847 0.7221498365384615 0.9723462259615385 0.7915769951923076 0.9615790480769231 0.7917014447115385 0.9534829350961539 0.7782868798076923 0.949645875 0.7715874038461539 0.9468847235576923 0.7589458725961538 0.9503444206730769 0.75456728125 0.9479303100961538 0.7471251033653845 0.9452735384615385 0.7412307740384616 0.9356670456730769 0.7384312572115385 0.9229327355769231 0.7403350673076923 0.9149231610576922 0.7363744399038462 0.9100940432692308 0.7278639350961539 0.9160026442307692 0.7253722067307693 0.9234216274038461 0.7115236225961539 0.9290706225961538 0.7072056995192307 0.9414587860576924
3 0.8887123846153846 0.6180505528846154 0.8955813677884615 0.629203110576923 0.9183718125 0.6404743173076923 0.9461608774038462 0.6406081298076922 0.9496285937500001 0.6185777860576922 0.9474330456730768 0.5993630144230769 0.9303660889423077 0.6054643221153846 0.9198299903846153 0.5951637524038461 0.8945620985576923 0.6057837139423077 0.8887123846153846 0.6180505528846154
4 0.6624985240384615 0.4562925528846154 0.6622670120192308 0.4492562956730769 0.6279658149038462 0.4261384519230769 0.6232919302884615 0.4395864735576923 0.6590629206730768 0.4641807956730769 0.6624985240384615 0.4562925528846154
4 0.6557753798076923 0.36534312019230775 0.6535468317307692 0.3710420673076923 0.6499104975961539 0.37390938701923077 0.6537471177884615 0.38144880528846153 0.6700089278846153 0.3821928389423077 0.6888543557692308 0.38694968990384615 0.6820161490384616 0.37781246153846154 0.6589321923076923 0.36086014903846153 0.6557753798076923 0.36534312019230775
4 0.6862319543269231 0.4778661153846154 0.68771646875 0.4884289735576923 0.7042561778846154 0.49653935576923075 0.71050646875 0.5050859927884616 0.7142668076923078 0.4995083725961538 0.7100430024038461 0.49639928846153847 0.7038872716346154 0.4669695913461539 0.6942321586538461 0.46832652884615383 0.6862319543269231 0.4778661153846154
4 0.326230233173077 0.44195249759615385 0.33275886778846153 0.45247966826923075 0.3439609423076923 0.45494462980769235 0.3460810961538462 0.4502707427884615 0.3342304375 0.4324129110576923 0.32700415865384613 0.4384776370192308 0.326230233173077 0.44195249759615385
3 0.4175601826923077 0.5115861610576923 0.4270270649038462 0.5412237211538462 0.45941284375 0.52556409375 0.4525295793269231 0.49993934855769234 0.4175601826923077 0.5115861610576923
3 0.43073923798076924 0.5568592524038461 0.4249845264423077 0.5428572187499999 0.4092178533653846 0.5420435985576924 0.40358537019230767 0.5468745024038462 0.3969318389423077 0.54982925 0.39366574278846156 0.5661089014423077 0.40334985817307695 0.58831053125 0.4093838028846154 0.5935214807692307 0.4078970673076923 0.6098876706730769 0.41626751201923073 0.6137604182692308 0.4174759014423077 0.5954136947115385 0.4330271201923077 0.5821200096153846 0.43417395192307695 0.5597426274038462 0.43073923798076924 0.5568592524038461
3 0.36571833894230765 0.6097565384615384 0.38512134615384613 0.6077028413461538 0.3848438894230769 0.5949506875 0.38018784134615385 0.5797844206730769 0.3646999567307692 0.5755655240384615 0.35671581009615383 0.5780340600961538 0.34772489423076924 0.5930986274038461 0.36571833894230765 0.6097565384615384
3 0.4454514182692308 0.5860962427884615 0.4433169855769231 0.5762979423076924 0.44057813701923076 0.5783659110576923 0.4182342139423077 0.5936240745192308 0.41696382211538463 0.6133259495192308 0.42938767307692305 0.6226879927884615 0.4342935120192308 0.6108904182692307 0.44244716826923075 0.6168132908653846 0.45007579807692305 0.6100188004807692 0.4469042620192308 0.6054153942307692 0.44791103125 0.5928193605769231 0.4454514182692308 0.5860962427884615
3 0.4098789375 0.5934518942307693 0.4026379350961538 0.5904302403846153 0.39148136298076924 0.5990669879807693 0.3853533028846154 0.6093532884615385 0.4068760216346154 0.608011514423077 0.4098789375 0.5934518942307693
3 0.5925606730769231 0.6556326514423076 0.5842192307692308 0.67531846875 0.5865543942307693 0.6901376971153846 0.5938573990384616 0.6918041995192308 0.6059266249999999 0.6860686706730769 0.6203635697115384 0.6756244591346154 0.6210143798076923 0.6640882836538461 0.5925606730769231 0.6556326514423076
4 0.6495876995192307 0.9105098028846155 0.6633443918269231 0.8934290120192308 0.6549132788461538 0.8747539855769231 0.6339784759615384 0.8766863509615385 0.6167402355769231 0.8959394903846154 0.6305397620192307 0.922275264423077 0.6495876995192307 0.9105098028846155
4 0.36745575240384615 0.555654889423077 0.36824617788461544 0.5397231706730768 0.3522783269230769 0.5392744326923077 0.3478850120192308 0.5277739423076923 0.34078318509615385 0.5257425576923077 0.34656823076923077 0.5471457283653847 0.36745575240384615 0.555654889423077
4 0.36638989663461535 0.5342616995192307 0.3613617475961538 0.528236173076923 0.3666385480769231 0.5210989951923077 0.3618736610576923 0.5123435985576923 0.35262647596153845 0.5157049350961539 0.35231107932692307 0.5173902307692309 0.35130544951923076 0.5161851274038461 0.34924640865384615 0.5302754831730769 0.35054277403846157 0.5306462932692309 0.3498744711538461 0.5318702596153846 0.3523867211538461 0.5382493725961539 0.36795221875000006 0.539427875 0.36739552644230766 0.5354668028846153 0.3660991634615384 0.5350959951923077 0.36638989663461535 0.5342616995192307
3 0.6385559134615384 0.5320284423076923 0.6458901418269231 0.5303244663461538 0.6329247644230769 0.5207019182692307 0.6197113750000001 0.5164999735576923 0.6143416274038461 0.5249966538461538 0.6309750072115385 0.52299559375 0.6385559134615384 0.5320284423076923
3 0.890679954326923 0.5204218413461539 0.8891842956730769 0.5244068749999999 0.8976319086538461 0.5306250408653846 0.9022121201923077 0.5272884615384615 0.8955720456730769 0.5234530336538461 0.8657314399038462 0.5045730985576923 0.8650328990384615 0.5052483149038461 0.8645434158653846 0.5038183942307692 0.8638160817307692 0.5044095 0.8633553918269231 0.5030636947115384 0.8625992644230769 0.5035706850961538 0.8621673653846155 0.5023089927884615 0.8613824447115385 0.5027318701923077 0.860979341346154 0.5015542908653846 0.8601656274038461 0.5018930552884615 0.8597913173076923 0.5007995865384616 0.8589488125 0.5010542403846154 0.8586032908653846 0.5000448846153847 0.8577319927884616 0.5002154254807692 0.857415266826923 0.4992901826923077 0.8565151754807693 0.49937661057692306 0.8562272427884616 0.49853548076923077 0.855298358173077 0.49853779567307693 0.8550392187500001 0.49778077884615385 0.8540815384615384 0.4976989807692308 0.8538511923076922 0.4970260769230769 0.8528647211538462 0.4968601658653846 0.852663170673077 0.496271375 0.8516479038461539 0.4960213509615385 0.8514751466346154 0.4955166730769231 0.8504310841346154 0.4951825360576923 0.8502871201923077 0.4947619711538461 0.8492142692307693 0.4943437211538461 0.8490990961538463 0.4940072692307692 0.8479974519230769 0.49350490625000004 0.8479110721153845 0.49325256730769235 0.8443469975961538 0.49098846153846154 0.8414841418269231 0.4957667283653846 0.8715255024038462 0.5149203269230769 0.8719519423076924 0.5139627740384616 0.8727271562500001 0.5156864711538461 0.8729403774038461 0.5152076947115385 0.8739288125000001 0.5164526177884615 0.8752356346153847 0.5106107139423077 0.890679954326923 0.5204218413461539
4 0.26087220432692304 0.8301599158653846 0.27677893990384617 0.8211921875 0.27251007692307694 0.8015955865384616 0.2585999326923077 0.8032139182692308 0.25338496875 0.8110156274038461 0.2522546394230769 0.8209361538461538 0.26087220432692304 0.8301599158653846
4 0.7257156682692307 0.8863463461538461 0.731532826923077 0.8936074182692307 0.7410037091346153 0.8747726947115384 0.7330043942307692 0.8735406610576923 0.7257156682692307 0.8863463461538461