2 0.2482069639423077 0.33174177644230773 0.25341410576923074 0.3303118125 0.25359455528846153 0.32746505048076924 0.27594641586538465 0.3207088701923077 0.29329076442307694 0.3145797475961538 0.2827913846153846 0.29954141586538463 0.2586728341346154 0.30788862740384615 0.21871404807692307 0.3192848052884615 0.16580575721153845 0.3327084278846154 0.1669957139423077 0.34913236057692304 0.1863639230769231 0.3467408389423077 0.2095526658653846 0.3408607091346154 0.21321193028846153 0.34226271153846155 0.21983026201923075 0.3410957211538461 0.22898381971153844 0.3407612235576923 0.2362010408653846 0.3371854951923077 0.2482069639423077 0.33174177644230773
2 0.32252539903846156 0.25977953846153845 0.3184422956730769 0.2617790216346154 0.30739076201923077 0.26295999038461537 0.31527875 0.2999547091346154 0.3197370889423077 0.32910933894230765 0.31802793990384615 0.33683192067307693 0.31671805528846153 0.3429486778846154 0.3065333846153846 0.3393705288461539 0.3086123605769231 0.3666415697115385 0.3168480240384615 0.4230236754807692 0.30555905048076926 0.4518841346153846 0.3134494639423077 0.4714769615384615 0.3249134831730769 0.44360925240384613 0.31913798798076926 0.47277705528846153 0.3382195985576923 0.5016563413461539 0.34279488942307695 0.4947079014423077 0.345631048076923 0.5011172163461539 0.35571926201923076 0.46351184615384616 0.34552753125 0.3708803894230769 0.3360611298076923 0.3113885456730769 0.3340966802884615 0.26541632692307693 0.32252539903846156 0.25977953846153845
3 0.5361341658653846 0.4166015024038462 0.5269806057692308 0.41693600240384615 0.4990307235576923 0.4364508413461538 0.49584204326923076 0.44545792067307693 0.49828434374999997 0.4496335456730769 0.5023866298076923 0.44967791586538464 0.5121582596153846 0.44897852884615386 0.5360058557692308 0.42941932211538464 0.5399630769230769 0.42283576682692303 0.5361341658653846 0.4166015024038462
3 0.4980847139423077 0.4504364591346154 0.5038224014423076 0.44814523076923074 0.5038278028846154 0.44430571874999997 0.4986452451923077 0.4439400264423077 0.4965230552884616 0.44738506971153846 0.4980847139423077 0.4504364591346154
3 0.4451215120192308 0.29906766105769234 0.4402698701923077 0.29864361778846155 0.4358558485576923 0.3007014471153846 0.43787970673076926 0.30443904807692307 0.4457779447115385 0.3027904735576923 0.4451215120192308 0.29906766105769234
3 0.44951822355769233 0.24659981971153846 0.44946906009615384 0.2501911418269231 0.4577419759615384 0.24873240384615383 0.4579224254807693 0.24588564182692307 0.44951822355769233 0.24659981971153846
3 0.463502375 0.29301167548076923 0.4705637283653846 0.2904870504807692 0.46881864423076924 0.2767200432692308 0.4675933052884615 0.26977079567307694 0.46550109855769234 0.26758066826923077 0.46579365384615384 0.26343461778846156 0.457474 0.2510827884615385 0.45767903365384616 0.2464403653846154 0.45006794951923074 0.24778240625 0.44882640625 0.25235168990384615 0.4477599134615385 0.25791372115384614 0.44550103846153843 0.2644537163461539 0.4473252692307692 0.2689942307692308 0.4491740817307692 0.2717390793269231 0.4479763004807692 0.2765565504807692 0.4519011129807692 0.2930100600961538 0.4565093629807692 0.29398882932692305 0.463502375 0.29301167548076923
3 0.48835352403846155 0.26559839903846155 0.4777450120192308 0.26542173557692306 0.47408035096153844 0.2678592427884615 0.47531109134615385 0.27096897836538464 0.4813035240384615 0.2914082764423077 0.4867294759615385 0.2912192475961538 0.49272973798076924 0.2904171418269231 0.49879834134615386 0.28806756490384616 0.49930673076923077 0.2716000721153846 0.5001789951923077 0.26300144230769235 0.4935852451923077 0.2623727716346154 0.48835352403846155 0.26559839903846155
3 0.48376147596153846 0.2531010985576923 0.4761012307692308 0.25803446153846155 0.46921492548076926 0.2615518389423077 0.47765748798076924 0.26492536057692306 0.48656765625000004 0.26514558413461536 0.4918431394230769 0.2621681418269231 0.5057716177884616 0.25408229086538464 0.5095729711538461 0.2485498341346154 0.5022928052884615 0.24983352403846154 0.4859711875 0.2501524278846154 0.48376147596153846 0.2531010985576923
3 0.29369265865384614 0.15431305048076924 0.31291337740384617 0.16269549759615384 0.30322276442307694 0.10580222596153846 0.2983465408653846 0.10717384375 0.29283306490384614 0.10686649759615384 0.2876397043269231 0.11417982451923077 0.2806196875 0.13435453125000002 0.28236477403846155 0.14812154086538462 0.29369265865384614 0.15431305048076924
2 0.6682756177884616 0.6474139567307693 0.6868015456730769 0.6479858942307692 0.6873129134615384 0.6450807836538461 0.6683247788461538 0.6438226322115385 0.6682756177884616 0.6474139567307693