2 0.8078229350961539 0.4468911274038462 0.5997388677884615 0.27855278125 0.5349820024038462 0.22575733653846156 0.5041656634615385 0.19860816346153848 0.5057620576923078 0.23791478846153843 0.5088519254807692 0.24126200721153845 0.34206326201923076 0.34332159375000004 0.34052432932692306 0.3542716730769231 0.35884393509615387 0.3874324495192308 0.507982875 0.5122882836538462 0.6004490528846154 0.5913107427884615 0.7040163221153846 0.5337703125 0.801471625 0.46444728365384613 0.8078229350961539 0.4468911274038462
1 0.46950113221153844 0.20344625961538462 0.4487633076923077 0.23815753605769233 0.44881134375000004 0.24933064903846153 0.4591995480769231 0.26292796634615384 0.46855408173076923 0.2654563966346154 0.49829300961538464 0.2473032043269231 0.5035257211538462 0.22619138461538463 0.49621194711538463 0.2091421971153846 0.46950113221153844 0.20344625961538462
1 0.4450009014423077 0.2580195144230769 0.4486440673076923 0.250520875 0.4486629423076923 0.23887167307692309 0.45180600240384616 0.2257195673076923 0.3640406682692308 0.2007621105769231 0.34990635336538467 0.20921378365384616 0.34569359134615385 0.22537126201923077 0.3445218052884615 0.2383149158653846 0.3584691105769231 0.2473147451923077 0.4108390552884615 0.25467486057692307 0.4361970889423077 0.2584814471153846 0.4450009014423077 0.2580195144230769
1 0.4435443173076923 0.2752925889423077 0.45273243509615385 0.2743991706730769 0.45545773557692304 0.26191659615384616 0.45084694711538464 0.26248232692307694 0.4369150841346154 0.2602815841346154 0.3953202211538462 0.2522510841346154 0.3682079447115385 0.24941168990384616 0.3511510384615385 0.2533259206730769 0.3473551778846154 0.27342594471153847 0.3501087764423077 0.28837775721153847 0.3577425216346154 0.2916353341346154 0.41308996875 0.2778094254807692 0.43061438701923077 0.2751746346153846 0.4435443173076923 0.2752925889423077
1 0.44028459615384613 0.28697181490384616 0.4386161370192308 0.2758137139423077 0.43001305528846157 0.274847375 0.4106674831730769 0.27892544951923076 0.35388318750000003 0.29376315625 0.3488203269230769 0.29984853365384617 0.34992005048076924 0.3150534038461539 0.3565329831730769 0.3278773966346154 0.3671742475961538 0.32815919230769236 0.44028459615384613 0.28697181490384616
1 0.34749074278846154 0.17343322596153848 0.30776678846153843 0.16590841346153845 0.2946524254807692 0.16940574278846154 0.28274671394230766 0.23108947596153848 0.28712073798076926 0.24602627884615383 0.33220693028846154 0.25454745192307693 0.3423986971153846 0.24651267788461537 0.35361986778846155 0.18279076442307693 0.34749074278846154 0.17343322596153848
1 0.2950538870192308 0.16654920192307693 0.22571367788461538 0.14636594951923076 0.20974277163461538 0.14946181971153846 0.20285875961538463 0.1569904783653846 0.19899770673076922 0.1683424471153846 0.19914610817307693 0.17880142548076924 0.21324352884615383 0.18903608653846152 0.2847720336538461 0.20976963221153846 0.2950538870192308 0.16654920192307693
1 0.2638960961538462 0.26849345192307694 0.27255064903846155 0.2621846105769231 0.2784164326923077 0.25038614903846157 0.27704820913461536 0.24169771153846156 0.2714200504807692 0.23338156971153845 0.19972684375 0.20000203365384614 0.19122412740384617 0.19832156009615384 0.17643873076923075 0.20449700721153846 0.16684743509615385 0.2174711105769231 0.16625982451923077 0.23316708413461537 0.24002380528846154 0.2702361057692308 0.25754736298076925 0.27221338701923076 0.2638960961538462 0.26849345192307694
1 0.20451000961538462 0.35020642307692307 0.21956133173076922 0.3513507596153846 0.23280951442307693 0.34690124759615387 0.24293437259615386 0.3393425649038461 0.24759662980769231 0.33150165625 0.24699701682692307 0.32195025240384617 0.19219601682692306 0.2720104951923077 0.17796391826923078 0.26734008653846153 0.1657185264423077 0.26926031490384617 0.1546260480769231 0.2698860913461539 0.14485118028846153 0.2818634086538462 0.14271091346153847 0.2924862283653846 0.19667639423076924 0.3437650456730769 0.20451000961538462 0.35020642307692307
1 0.3251573581730769 0.25404219471153844 0.2946541153846154 0.24999799038461537 0.2486054375 0.2966878653846154 0.250474625 0.30641769711538464 0.2583073822115385 0.31747114663461534 0.27607970673076926 0.32919326923076925 0.2986661225961539 0.3250851730769231 0.34327881250000003 0.2747950240384615 0.3389708413461538 0.2639942043269231 0.3251573581730769 0.25404219471153844
1 0.32052251682692307 0.3837459543269231 0.3294103966346154 0.38038287259615383 0.34396418509615384 0.3620375240384615 0.34002336057692306 0.3532302788461538 0.3414619302884615 0.3429943341346154 0.36695722115384616 0.32740044951923075 0.3565329831730769 0.3278773966346154 0.34915144230769235 0.31591637259615385 0.34836825480769235 0.3053681802884615 0.34101844951923077 0.3023932572115385 0.32775482692307695 0.3000436826923077 0.31522463942307694 0.3062933317307692 0.27457164903846154 0.3537415216346154 0.27520471875 0.36305487980769235 0.28796565384615386 0.37358720432692305 0.3036002908653846 0.3820959326923077 0.32052251682692307 0.3837459543269231
1 0.4090547139423077 0.5068809807692308 0.41822481730769234 0.5130246947115384 0.43359438942307693 0.5096015673076922 0.4504685793269231 0.5000784759615384 0.4575198677884615 0.4913595889423077 0.4537797740384616 0.4811240721153846 0.43522254567307694 0.46807790384615383 0.39899593509615383 0.4287592572115385 0.38830491586538457 0.42652849038461543 0.37126516586538466 0.42801766105769234 0.3557609134615385 0.43700504326923073 0.3463197379807692 0.4512139831730769 0.3729113125 0.4692732572115385 0.4023062403846154 0.5042333173076923 0.4090547139423077 0.5068809807692308
1 0.2823640528846154 0.4917459879807692 0.27712535096153845 0.4553259254807692 0.25975276923076923 0.44997140384615386 0.17032840384615386 0.45293943750000004 0.1635619110576923 0.4573289038461539 0.16405944230769232 0.4768185889423077 0.16940194471153847 0.4940762235576923 0.17797071153846153 0.4998926802884615 0.26859774519230767 0.49757916346153847 0.2823640528846154 0.4917459879807692
1 0.5342698942307693 0.6407546466346153 0.5477170865384615 0.6441010096153845 0.5548172692307692 0.6419431634615385 0.5594795264423077 0.6341022548076923 0.5947110769230769 0.6344415336538461 0.6205211826923077 0.6327284735576922 0.6359576682692307 0.6288292548076923 0.6440940961538462 0.6239040793269232 0.6445478894230768 0.6091602884615385 0.6369999302884615 0.5937774182692308 0.6306031634615384 0.5863242403846154 0.6184083846153846 0.5855813653846154 0.6023199591346153 0.5918164302884615 0.5764086274038461 0.5988556971153847 0.5396741754807692 0.595392235576923 0.52574059375 0.602415639423077 0.5197092572115385 0.6061801826923077 0.5197572884615385 0.6173532956730768 0.5239142860576923 0.6315313557692307 0.5342698942307693 0.6407546466346153
1 0.6162449230769231 0.7207301442307692 0.6269685360576923 0.7273349350961538 0.6316453725961538 0.7309051875 0.6478667596153845 0.7283300144230769 0.658875173076923 0.7306053870192308 0.663937173076923 0.7291320817307692 0.6646731850961539 0.7238950865384616 0.6757999783653846 0.7184191923076924 0.6825004158653846 0.7098937427884615 0.6551479663461539 0.65118878125 0.6284397259615384 0.6316566274038462 0.6191177884615384 0.6335022259615385 0.6009251298076923 0.6362858485576923 0.5853539663461539 0.6457493221153846 0.5773993918269231 0.6608954278846154 0.5917112620192307 0.6857250504807693 0.6086643677884616 0.7009732451923077 0.6162449230769231 0.7207301442307692
1 0.5122512740384615 0.91487721875 0.5226583533653846 0.9168253341346154 0.5330508533653846 0.9073622884615384 0.5392014302884616 0.8912344038461538 0.5418109278846154 0.8726668798076923 0.5258760552884616 0.861688485576923 0.4353545432692308 0.8356154302884615 0.4212382475961538 0.8370299735576924 0.40857337740384614 0.848843875 0.40203849759615384 0.8654032427884615 0.4015521105769231 0.8757730072115385 0.41108849759615385 0.8885223677884616 0.5012591610576923 0.9147888605769231 0.5122512740384615 0.91487721875
1 0.6494563076923078 0.714716829326923 0.6439096394230769 0.7173357548076923 0.6487022788461538 0.7269909567307693 0.6569373557692307 0.7305757908653846 0.6644552956730769 0.7277484158653846 0.65887775 0.7167691682692308 0.6494563076923078 0.714716829326923
1 0.4349154326923077 0.5025048173076923 0.4418491995192308 0.496925125 0.44266841826923076 0.4933990528846154 0.4361361153846154 0.4961222043269231 0.43232653125 0.5001989951923077 0.4349154326923077 0.5025048173076923
1 0.27368726442307695 0.25870314663461536 0.26729049759615386 0.2512499711538462 0.26134236778846154 0.2567254375 0.2641980528846154 0.26173897115384614 0.27368726442307695 0.25870314663461536
1 0.5175852884615385 0.618990016826923 0.5143435841346153 0.6236321129807691 0.5171323557692308 0.6291217355769232 0.5220939903846153 0.6283625673076922 0.5175852884615385 0.618990016826923