1 0.5599186875 0.34038792548076924 0.5718960384615385 0.3372518653846154 0.5759169735576923 0.3222724567307692 0.5782790889423077 0.3071666586538461 0.5591326514423077 0.2950490745192308 0.5034074903846154 0.29270352403846156 0.5051504735576923 0.29977689903846155 0.5001176466346154 0.3045162283653846 0.5002014230769231 0.32608795673076924 0.5113631322115384 0.3337963605769231 0.5599186875 0.34038792548076924
2 0.6005161466346154 0.39851003124999995 0.6270009014423077 0.4056508245192308 0.6267760793269231 0.4017502788461539 0.5995884182692308 0.3952169375 0.6005161466346154 0.39851003124999995
2 0.42403687259615386 0.2977277908653846 0.4499595096153846 0.29755467788461537 0.44509565384615385 0.29181339903846154 0.4213660336538462 0.2922362331730769 0.42403687259615386 0.2977277908653846
2 0.5916925072115384 0.22225781249999998 0.6268650264423077 0.22832541826923075 0.6263871971153846 0.2230835841346154 0.5929297379807692 0.21689877644230768 0.5916925072115384 0.22225781249999998
3 0.5667197067307692 0.4522857548076923 0.5612091802884616 0.4469083341346154 0.5531400336538461 0.445302 0.5562325913461538 0.4514040697115385 0.5667197067307692 0.4522857548076923
1 0.6236788653846154 0.5711451370192308 0.6303423317307693 0.5690914543269231 0.6256752427884614 0.5649350600961538 0.6168188942307692 0.5618641057692307 0.6103803798076923 0.5629434182692308 0.6102397211538462 0.5659898581730769 0.6172685384615384 0.5696651947115384 0.6236788653846154 0.5711451370192308
2 0.5369373509615385 0.7494525480769231 0.5326918509615385 0.7507815817307691 0.5434600264423077 0.75532021875 0.5369373509615385 0.7494525480769231
2 0.6821989783653847 0.13975273798076923 0.6867539783653847 0.12977157451923077 0.67750409375 0.12353085336538462 0.6740173509615384 0.1386335889423077 0.6821989783653847 0.13975273798076923
2 0.1547798990384615 0.04800784375 0.16214626923076925 0.045346711538461544 0.17493913221153848 0.036241103365384615 0.16450838461538464 0.03024091346153846 0.15118119711538464 0.044098105769230775 0.1547798990384615 0.04800784375
2 0.3291034182692308 0 0.33047572115384616 0.005952939903846154 0.3448146706730769 0.007210740384615384 0.3413830504807692 0 0.3291034182692308 0
2 0.8393853365384616 0.45083499278846156 0.8667136586538462 0.45432189663461536 0.8680914182692308 0.4507913389423077 0.8411567620192308 0.44559928605769233 0.8393853365384616 0.45083499278846156
4 0.6356258341346154 0.6534418798076923 0.64630971875 0.6559084495192308 0.6456070697115385 0.6467660673076924 0.6348107091346153 0.6447866850961539 0.6356258341346154 0.6534418798076923
2 0.31274712259615384 0.5994255384615385 0.3254273798076923 0.5956820288461538 0.3215474903846154 0.5929902548076923 0.31010433653846153 0.5962496418269231 0.31274712259615384 0.5994255384615385
4 0.21674473557692306 0.12568783173076922 0.2190504831730769 0.11570054086538462 0.20035368990384614 0.11138404567307693 0.20038148317307694 0.12344953365384616 0.21674473557692306 0.12568783173076922