3 0.20807637740384616 0.16653618509615387 0.5222590576923077 0.13472715625 0.5176939663461538 0.12609423317307694 0.2035112860576923 0.15790326201923077 0.20807637740384616 0.16653618509615387
3 0.5282474350961539 0.051138737980769226 0.5459146802884616 0.05195948557692308 0.5565655432692307 0.03881538461538462 0.5580932235576923 0.02916999038461538 0.51460359375 0.041562249999999995 0.5282474350961539 0.051138737980769226
4 0.3792312331730769 0.2470361658653846 0.3565974951923077 0.22763156730769232 0.3450829879807692 0.3128165697115385 0.3308725024038462 0.3026559663461538 0.30604310817307695 0.3095994663461538 0.3424290264423077 0.34205828846153846 0.3650682331730769 0.3322960576923077 0.3792312331730769 0.2470361658653846
2 0.34146645673076925 0.30235641346153846 0.34652027884615383 0.2621243365384615 0.32796290625 0.3002176610576923 0.34146645673076925 0.30235641346153846
3 0.45793365384615387 0.42017092067307693 0.4512173341346154 0.4334438245192308 0.4636000769230769 0.4260120721153846 0.4610084927884615 0.41324241105769227 0.44493283653846155 0.41069627644230766 0.3977892475961538 0.4378352067307692 0.40008777163461534 0.44413167067307696 0.41366770673076925 0.44578815384615383 0.44738412980769227 0.41602820192307693 0.45793365384615387 0.42017092067307693
3 0.46656022115384616 0.6237336394230769 0.4929242980769231 0.6279092980769231 0.5024738293269231 0.61755696875 0.5089040913461539 0.6185754230769231 0.5169508942307692 0.6010639375 0.5056944326923077 0.5888993677884615 0.4604214879807692 0.5792569975961539 0.4551315120192308 0.6001713293269231 0.46656022115384616 0.6237336394230769
2 0.6441142668269231 0.5223310889423077 0.650583485576923 0.5480741009615385 0.665202375 0.5889501874999999 0.70055634375 0.6029539591346154 0.7021159759615384 0.5972685673076923 0.6885804711538461 0.5911698125 0.7062282379807693 0.5796282788461539 0.6730184927884615 0.5229541274038462 0.639892139423077 0.48656226201923075 0.6187237043269231 0.4995236466346154 0.5840447163461538 0.4895817235576923 0.5640165673076922 0.5244758918269231 0.6118546153846154 0.5137610889423077 0.6176738052884615 0.5186376995192308 0.6441142668269231 0.5223310889423077
4 0.8730885216346155 0.5457434879807692 0.8872920072115384 0.5351395384615384 0.8785117860576922 0.5115023389423077 0.8641360576923076 0.5107085504807692 0.8448896995192308 0.5032109182692308 0.8328888774038461 0.5082313221153846 0.8347290961538462 0.5174214038461539 0.8139425817307693 0.5279714399038462 0.8490034903846154 0.5355020120192308 0.8730885216346155 0.5457434879807692
2 0.8111319062500001 0.6372759110576923 0.7681629591346154 0.6047631754807692 0.7551371899038462 0.6120930841346154 0.7959034783653846 0.6501893629807692 0.8111319062500001 0.6372759110576923
3 0.6056821610576922 0.82324640625 0.5906509278846154 0.8307530480769232 0.5940383076923077 0.8426600144230769 0.6024296033653846 0.8479440072115385 0.6245341225961538 0.8415576634615385 0.6348989278846153 0.8427049206730769 0.6456581274038461 0.8330385528846154 0.6649489134615384 0.8360939134615385 0.6589450024038462 0.8282218389423076 0.6564937115384615 0.8228899134615385 0.643754 0.8159284639423077 0.6296393774038461 0.8176478701923077 0.6221716923076923 0.8273411947115386 0.6056821610576922 0.82324640625
4 0.3042589086538462 0.46652581730769227 0.3041700504807692 0.4754103629807692 0.3122682860576923 0.4742211586538462 0.3225567043269231 0.47585068509615386 0.32749671634615385 0.46130770673076926 0.31486534134615385 0.4578239903846154 0.2962620096153846 0.4504282019230769 0.2745518870192308 0.44600092067307695 0.2715853846153846 0.4564071634615384 0.2877693798076923 0.46243103125 0.3042589086538462 0.46652581730769227
2 0.38976916826923075 0.08062018028846155 0.38820253125000004 0.06554101682692308 0.35490545673076923 0.06768279567307692 0.35806368269230765 0.08103656971153847 0.38976916826923075 0.08062018028846155
4 0.4224418076923077 0.2696998173076923 0.4903025288461539 0.2532576730769231 0.4870234879807693 0.2448284423076923 0.42934285096153846 0.25942237740384616 0.41919472115384615 0.26523058653846154 0.4224418076923077 0.2696998173076923
4 0.8096508317307692 0.9213027788461539 0.808988326923077 0.90883865625 0.7968791658653847 0.9103813269230769 0.7946640312500001 0.9243671490384616 0.8096508317307692 0.9213027788461539