3 0.5658588341346154 0.29956195913461536 0.5587955 0.2911403870192308 0.5578273701923077 0.28374915624999997 0.5549006201923077 0.2885519014423077 0.5122681971153846 0.3242590048076923 0.5113992115384616 0.3315860817307692 0.5153008918269231 0.34275846875 0.5228414903846154 0.34629175721153843 0.568400014423077 0.3233579519230769 0.5734700649038461 0.31863005288461543 0.5731570769230769 0.3100354615384615 0.5658588341346154 0.29956195913461536
3 0.6569551225961539 0.4298630360576923 0.6477050673076923 0.4401674038461539 0.64244353125 0.4240425841346154 0.6301037524038461 0.41748048317307695 0.6253256322115385 0.42262732211538456 0.6284228076923076 0.4305016466346154 0.628735795673077 0.43909623798076924 0.62231334375 0.4298795528846154 0.6150789350961539 0.42635695673076923 0.6103429302884615 0.44785509375 0.614265673076923 0.4672031298076923 0.6318582307692308 0.5340342836538462 0.6412861658653846 0.5274148365384616 0.6555703076923076 0.5221912091346154 0.6627334375 0.5277550480769231 0.6670200384615386 0.5279047379807692 0.6774242091346154 0.5021083341346154 0.6569551225961539 0.4298630360576923
0 0.52252525 0.4255773846153846 0.5244119374999999 0.4330006923076923 0.5356416706730769 0.4186779975961539 0.52252525 0.4255773846153846
0 0.5362378365384616 0.4718357620192308 0.5328908509615384 0.47989379567307694 0.5500515192307692 0.4800843149038462 0.5513271346153846 0.45233414903846153 0.5362378365384616 0.4718357620192308
0 0.7669309399038462 0.4847966923076923 0.7636843990384615 0.4724209447115385 0.7617691971153846 0.4658141346153846 0.7456907115384616 0.46974886298076923 0.7378581850961539 0.4657966346153846 0.7333360264423077 0.48117105528846155 0.7327515168269231 0.49790921875 0.7370089591346154 0.5164514495192308 0.7443716754807692 0.5162998149038461 0.7538064134615384 0.5182642668269231 0.7625147283653846 0.5234733149038462 0.7705685552884615 0.5123096802884615 0.7748700625 0.49447508173076926 0.7704198389423078 0.49023221875 0.7669309399038462 0.4847966923076923
0 0.8928060649038462 0.56726278125 0.8842118004807692 0.5587877475961538 0.8687667427884616 0.5709195120192307 0.8722556418269231 0.5763550408653846 0.8761220096153846 0.5797600240384615 0.8831568317307692 0.5889980889423077 0.8890028774038462 0.5883847475961539 0.8951265961538462 0.58859859375 0.9029455168269231 0.5753830264423077 0.8983459230769231 0.5666387451923077 0.8928060649038462 0.56726278125
0 0.7360596370192307 0.3856196658653846 0.7391710673076923 0.39308574038461536 0.7474095745192308 0.3941909302884615 0.7454020360576923 0.3814497067307692 0.7360596370192307 0.3856196658653846
0 0.6370332788461539 0.3858403004807692 0.6441896057692307 0.38282023798076925 0.6450728485576923 0.3750849134615385 0.6367202908653845 0.37724570913461536 0.6370332788461539 0.3858403004807692
0 0.60530109375 0.26742216346153846 0.6077356754807692 0.28549199278846155 0.6072869254807692 0.28956377884615386 0.6047016778846154 0.3021446177884615 0.6164650504807692 0.2988766923076923 0.6197835240384616 0.29163515384615385 0.6175695889423077 0.27602550480769233 0.6129204254807692 0.2599220697115385 0.60530109375 0.26742216346153846
0 0.5845974038461539 0.3774692668269231 0.568981920673077 0.3769239615384615 0.5792992499999999 0.3887291322115385 0.5845974038461539 0.3774692668269231
0 0.5996264254807693 0.4474808653846154 0.5803150024038461 0.45620764903846156 0.5847509711538461 0.4608587596153846 0.5981165552884615 0.4556030552884615 0.5996264254807693 0.4474808653846154
0 0.6749258004807692 0.47708759855769234 0.6826306682692308 0.46713801442307695 0.6719358725961538 0.4573633918269231 0.66550596875 0.45713885576923075 0.669108266826923 0.47688444471153846 0.6749258004807692 0.47708759855769234
0 0.5530265384615385 0.5177928100961539 0.5421817235576923 0.5210928149038462 0.54782753125 0.5437709831730769 0.5532180240384615 0.53864553125 0.5556179375 0.5313719134615384 0.5530265384615385 0.5177928100961539
0 0.4901689855769231 0.6235066490384615 0.4798584591346154 0.6202853774038461 0.45923675480769227 0.6314188774038462 0.4649755528846154 0.6426554158653845 0.4819440841346154 0.6395692596153846 0.4858104519230769 0.6429742403846154 0.50212384375 0.6410914423076922 0.5110677115384615 0.6307763798076922 0.4901689855769231 0.6235066490384615
0 0.35998229567307694 0.6381714783653846 0.3570561971153846 0.6253981802884615 0.34517877644230766 0.6319320889423078 0.3490519423076923 0.64392096875 0.35383006490384616 0.6387741298076922 0.35998229567307694 0.6381714783653846
0 0.6162903701923077 0.5935762620192307 0.6220149110576922 0.605221048076923 0.6240081971153846 0.6183705216346154 0.6259512596153846 0.6417368798076922 0.6298461370192308 0.6443253653846154 0.6353730408653846 0.6089574903846153 0.6357015865384615 0.5819917475961538 0.6260530048076922 0.5861510144230769 0.6162903701923077 0.5935762620192307
0 0.6694403629807693 0.5463828149038462 0.6619350841346154 0.5506169278846154 0.6558256201923077 0.5499948365384616 0.6540808461538461 0.5560650913461539 0.6476509399038461 0.5558405528846154 0.6545506538461539 0.5601689567307692 0.6552981370192307 0.5651000072115384 0.6475864615384614 0.5664656923076923 0.6542723317307693 0.5769178100961538 0.6576831442307692 0.5758106826923076 0.6668327548076923 0.5859400913461539 0.6761962139423077 0.58994578125 0.6869554879807692 0.589095266826923 0.6947812115384615 0.5844635985576923 0.6993033701923077 0.5690891778846153 0.6969685817307693 0.5481616129807693 0.6859248317307693 0.5396010432692308 0.6694403629807693 0.5463828149038462
0 0.5935506274038461 0.6916986394230769 0.5980151081730769 0.6955332548076923 0.6034626249999999 0.6887748100961539 0.6107540625 0.6906644158653846 0.6140297668269231 0.6846476201923076 0.6050580336538461 0.6782031346153846 0.5940068293269231 0.6786347091346154 0.5935506274038461 0.6916986394230769
0 0.6060964951923077 0.5167848341346154 0.5904735600961538 0.5252316778846153 0.5798208822115385 0.5318083533653846 0.5985335384615385 0.5402279831730769 0.6075127235576923 0.5376803221153846 0.6214547139423078 0.5422546466346154 0.6190411923076924 0.5323604639423076 0.6138217764423077 0.5325869447115384 0.61056778125 0.5292033485576924 0.6060964951923077 0.5167848341346154
0 0.6603241177884616 0.5967489399038461 0.6647879471153846 0.6181595961538461 0.6690745504807692 0.6183092884615384 0.6691464831730769 0.5986920048076922 0.6603241177884616 0.5967489399038461
0 0.7063177836538461 0.5525755504807692 0.7071725144230769 0.5456567211538462 0.7016754230769231 0.5450560144230769 0.6975239302884616 0.5498159879807692 0.7004927980769231 0.5613645432692308 0.6989897307692308 0.5780706298076923 0.7019728557692309 0.5892109399038461 0.7122338100961538 0.5850730576923077 0.7182936995192308 0.5783359951923077 0.7146411778846153 0.5688072932692307 0.7157735817307693 0.5627156514423077 0.7110029134615385 0.5588703461538461 0.7099920144230769 0.5527038581730769 0.7063177836538461 0.5525755504807692
0 0.7229911346153847 0.6369506706730769 0.7190039158653847 0.6282277764423078 0.7144111249999999 0.6280673918269231 0.7067775360576923 0.635975735576923 0.7167961346153846 0.6387780673076923 0.7229911346153847 0.6369506706730769
0 0.6961112524038462 0.6253846177884615 0.6880933942307692 0.6267396105769231 0.6808800408653847 0.6313926634615386 0.6930059735576923 0.6440784807692308 0.6950284206730769 0.6388354134615385 0.6961112524038462 0.6253846177884615
0 0.6840974206730769 0.6621609471153846 0.6870099134615385 0.6577664495192308 0.6867899158653846 0.6377302283653846 0.6835216634615384 0.6347548774038461 0.6803600096153846 0.6375056899038462 0.6816838990384616 0.6522667668269231 0.6840974206730769 0.6621609471153846
0 0.7086208052884615 0.6621998317307691 0.6981751682692308 0.6540688918269232 0.7034937307692307 0.6685607211538461 0.7086208052884615 0.6621998317307691
0 0.5240001033653846 0.5940321274038461 0.5271406971153846 0.5831056658653846 0.5222844903846154 0.5817098461538461 0.5155198894230769 0.5822911129807692 0.5188804807692308 0.5914008725961538 0.5240001033653846 0.5940321274038461
0 0.6373880360576922 0.6127065673076924 0.6343329783653846 0.6211835456730769 0.6390676826923076 0.6348374927884616 0.6446217956730769 0.6338052091346154 0.6386908653846154 0.6192919951923077 0.6460888966346154 0.6269077644230769 0.6486666923076924 0.6233190697115384 0.6373880360576922 0.6127065673076924
0 0.4826850625 0.8202607475961539 0.4872276274038461 0.8306380192307692 0.49411308653846153 0.8353746682692308 0.4983996875 0.835524360576923 0.49929718509615384 0.8273807860576923 0.4958368004807693 0.8211287596153846 0.49064589663461533 0.8205387451923076 0.4826850625 0.8202607475961539
0 0.6632210528846154 0.6279147788461539 0.6590199879807692 0.6253155985576923 0.6588631682692309 0.6298063269230769 0.6702701322115385 0.6367445985576924 0.6632210528846154 0.6279147788461539
0 0.6804387451923077 0.6264723028846154 0.6761806538461539 0.6255061177884615 0.6763083100961539 0.6394079302884615 0.6804387451923077 0.6264723028846154
0 0.6207639062499999 0.7376109807692307 0.62369065625 0.7328082355769231 0.6157725889423078 0.7313054927884616 0.6091790649038461 0.7269877860576923 0.6062665721153846 0.7313822812499999 0.6207639062499999 0.7376109807692307
0 0.6664316274038461 0.6500991634615385 0.6642244975961538 0.6430734110576922 0.6555657548076923 0.6452235144230769 0.6594178629807692 0.6490367451923077 0.6594816923076923 0.6559876514423078 0.6664316274038461 0.6500991634615385
0 0.6121835985576923 0.5443833629807693 0.6067931057692307 0.5495088197115384 0.6143907283653847 0.5514091153846153 0.6121835985576923 0.5443833629807693
0 0.5837484735576923 0.6124684182692308 0.5815406971153846 0.6230187067307693 0.5880703942307692 0.6203855096153846 0.5885761682692308 0.6146807331730769 0.5837484735576923 0.6124684182692308
0 0.6399748822115385 0.7493179759615385 0.6435140048076923 0.7445366153846155 0.6305761105769231 0.7375448846153846 0.6399748822115385 0.7493179759615385
0 0.7368213221153846 0.7764071802884616 0.7383882187499999 0.766652 0.7325632331730769 0.7754409951923077 0.7321640576923076 0.7868719350961538 0.7389429134615385 0.7858824206730769 0.7368213221153846 0.7764071802884616
0 0.8176748125 0.8049816298076924 0.8165919831730769 0.8184324254807692 0.820515375 0.8202044134615385 0.8235208605769231 0.8043682836538462 0.8176748125 0.8049816298076924
0 0.6528632572115385 0.36268584134615384 0.6625756682692308 0.3654774807692308 0.6574064735576923 0.3554870721153846 0.6545224927884615 0.35906507451923075 0.6528632572115385 0.36268584134615384
0 0.6439021754807693 0.645633704326923 0.6541631322115384 0.6414958221153846 0.6521338822115385 0.6381549927884616 0.6422646514423077 0.6398540817307693 0.6439021754807693 0.645633704326923
0 0.6341965697115385 0.6514259639423077 0.6379488846153846 0.6580969278846154 0.6393874735576923 0.6520159807692308 0.6359555985576922 0.6449474591346154 0.6341965697115385 0.6514259639423077
0 0.6443768365384616 0.7110495985576922 0.6439640528846154 0.7053127427884616 0.6407311201923077 0.7101047956730769 0.6373983894230769 0.7177545841346155 0.6387867572115385 0.7218905216346154 0.6443768365384616 0.7110495985576922
0 0.64692546875 0.7258534447115385 0.6541028557692308 0.7310090336538462 0.65078503125 0.7206745288461539 0.64692546875 0.7258534447115385
0 0.6784940841346153 0.45391369711538465 0.6692304206730769 0.4470502716346154 0.6654136274038461 0.4510044423076923 0.6679411971153846 0.4576326394230769 0.6784940841346153 0.45391369711538465
0 0.6838758221153847 0.49293247596153844 0.6808492764423076 0.5005929567307692 0.6882832788461539 0.4984000817307692 0.6838758221153847 0.49293247596153844
0 0.3141247403846154 0.46775811298076925 0.33113604326923074 0.4634472115384615 0.3262872884615385 0.45305924519230767 0.31354833413461536 0.4579280841346154 0.30593645673076925 0.4564360360576923 0.3041204014423077 0.46454753125 0.3141247403846154 0.46775811298076925
0 0.6677328028846153 0.8937570552884615 0.6759998245192308 0.8940457451923076 0.6865812211538462 0.8895103076923078 0.6805858100961538 0.8856222307692309 0.6677328028846153 0.8937570552884615
0 0.8303376346153846 0.7408419975961539 0.8253884399038461 0.7508878100961538 0.8295324759615385 0.7551199831730769 0.83939490625 0.7448369975961538 0.8365183798076923 0.7394228533653846 0.8303376346153846 0.7408419975961539
0 0.6382939879807693 0.3760744278846154 0.6381731346153846 0.37075651442307694 0.6298348341346155 0.37250906250000004 0.6382939879807693 0.3760744278846154
0 0.9090809399038461 0.2592280865384615 0.9004079423076923 0.26178643990384615 0.9097924567307693 0.27396777884615386 0.9090809399038461 0.2592280865384615
0 0.9130749639423077 0.2765348798076923 0.9239272307692308 0.2642427331730769 0.9108325192307691 0.26174172596153844 0.9130749639423077 0.2765348798076923
0 0.9100422668269231 0.25803541826923077 0.9172624230769231 0.2619662644230769 0.9259354230769231 0.25940791346153846 0.9176758557692307 0.2501270769230769 0.9102778221153845 0.2425113076923077 0.9048160480769231 0.24967800240384616 0.9100422668269231 0.25803541826923077
0 0.9276163677884616 0.24638674759615384 0.9314114543269232 0.2518329711538462 0.9391373822115384 0.2500590360576923 0.9366098125 0.24343084134615384 0.9276163677884616 0.24638674759615384
0 0.5714595168269231 0.9643780961538462 0.5761446490384615 0.9706728894230768 0.5896310841346154 0.9707351009615385 0.5916107644230769 0.9667167740384616 0.5806023269230769 0.9659236057692309 0.5761948701923078 0.960456 0.5714595168269231 0.9643780961538462
2 0.7455935697115385 0.01603771153846154 0.7463267956730769 0.02137701201923077 0.7626755024038462 0.027261617788461538 0.7643917644230769 0.022007853365384616 0.7455935697115385 0.01603771153846154