3 0.9286747115384616 0.8781337091346154 0.9390848557692307 0.8710139206730769 0.9433892067307692 0.8677098293269231 0.9376402379807692 0.8588416947115385 0.9147568125000001 0.8565050480769231 0.8981452884615385 0.8570593677884616 0.8952604927884615 0.8584800120192307 0.90144125 0.8767549110576923 0.9079289350961539 0.8743110504807692 0.9129846466346153 0.8767610072115384 0.92226996875 0.8738926923076923 0.9286747115384616 0.8781337091346154
2 0.851569346153846 0.5116857548076923 0.8875982379807692 0.5014536105769231 0.8816784951923077 0.440037295673077 0.8754438485576923 0.42811520913461537 0.8560431153846154 0.44047134374999997 0.7965872427884615 0.4660534375 0.8057069086538462 0.4966312932692307 0.8069650240384616 0.5338826995192307 0.8383449302884615 0.5165516875 0.851569346153846 0.5116857548076923
3 0.8993288149038462 0.5366097764423077 0.8831987548076923 0.5345293677884615 0.8692356201923077 0.550707295673077 0.8783426442307692 0.564219108173077 0.8812358677884615 0.5741758221153846 0.8923598918269231 0.5617647860576923 0.9071739615384615 0.5473343365384615 0.8969629639423077 0.5464409903846155 0.8993288149038462 0.5366097764423077
3 0.7595406298076923 0.40760218990384617 0.7564691057692308 0.41402559615384615 0.7234290240384615 0.44459562740384617 0.7579844711538463 0.44259973798076924 0.7853631923076924 0.4423182091346154 0.8137753629807692 0.4330927235576923 0.8140780745192308 0.4066852836538462 0.8147999326923077 0.3726185625 0.7554476225961538 0.37980635336538465 0.7426922499999999 0.3850479302884615 0.7580088557692307 0.3964261586538462 0.7587974735576922 0.39314908653846153 0.7653598942307693 0.39271940384615384 0.7595406298076923 0.40760218990384617
3 0.6497467427884616 0.32873289903846153 0.6323676754807692 0.3610076947115385 0.6147102836538462 0.37351635096153846 0.5957413389423076 0.39527924759615385 0.6066498076923077 0.40827945192307696 0.6147688389423077 0.41300505528846154 0.6552060961538462 0.42122734855769234 0.6721081370192308 0.41735237980769235 0.6657575096153846 0.42683496875 0.6900192451923076 0.4507070288461538 0.7020441057692307 0.44807839182692305 0.7066391995192307 0.4615300697115385 0.7342583149038462 0.4298165528846154 0.7561910048076924 0.41433587259615384 0.7587644326923078 0.40786888461538456 0.7656089423076923 0.39274119230769233 0.76062796875 0.39230541346153847 0.7588141057692308 0.39582739423076924 0.7438046538461538 0.38380682451923076 0.7258190336538461 0.36851441826923076 0.7025286538461538 0.35075026201923076 0.6722981802884616 0.33773263461538466 0.6497467427884616 0.32873289903846153
3 0.5389788653846154 0.37860194230769234 0.55634175 0.3838016706730769 0.5621033605769231 0.4097358485576923 0.5828821802884615 0.3988387091346154 0.5892454519230769 0.4064221610576923 0.5992694927884615 0.3922418533653846 0.6139507187500001 0.3764613581730769 0.6211647019230769 0.36571587259615385 0.6262408076923076 0.33637998798076924 0.6290340072115386 0.31019043749999997 0.6301129158653846 0.2835163028846154 0.6160167163461538 0.27826776442307694 0.5765840841346154 0.2815099879807692 0.5714538629807693 0.29712226923076923 0.5390697836538462 0.34314159615384615 0.5342799807692308 0.3634681514423077 0.53193896875 0.36727862019230767 0.5309802548076923 0.3782367620192308 0.5389788653846154 0.37860194230769234
3 0.6092280504807692 0.09196716346153845 0.6140639903846153 0.11413968269230769 0.6048573942307692 0.1046344375 0.5924717187499999 0.1343346394230769 0.5832655721153845 0.1649822283653846 0.5965483197115384 0.1795285841346154 0.6170616826923077 0.18600776201923075 0.6290244471153846 0.19843099519230767 0.6529623990384615 0.22026708413461538 0.6717366346153846 0.23228242067307692 0.6979368701923078 0.2626816009615385 0.7068236706730769 0.2557631418269231 0.7103185552884616 0.24736913221153844 0.7224263557692308 0.23805562259615384 0.7494269495192308 0.20193811057692307 0.7356004206730768 0.1850019326923077 0.7263357211538461 0.1761608173076923 0.7167680817307692 0.17365072596153847 0.7109443774038462 0.1627684110576923 0.6796427427884615 0.12757303365384615 0.6477310216346154 0.09935101682692307 0.6234193846153846 0.06744403605769231 0.6092280504807692 0.09196716346153845
4 0.19758002163461535 0.8272208701923076 0.2209285048076923 0.8443208966346153 0.23020983894230768 0.8558403173076923 0.249511 0.8474907524038462 0.2713066346153846 0.8249713389423078 0.26395138221153847 0.8229894134615384 0.25796578365384615 0.8110891153846154 0.2438114807692308 0.8065047091346155 0.23723663942307693 0.809944764423077 0.23239671153846153 0.8021599807692308 0.2100240264423077 0.816932954326923 0.19758002163461535 0.8272208701923076
3 0.4456122548076923 0.5250216754807693 0.4458570889423077 0.5193547860576924 0.43518946634615385 0.5150754230769231 0.4231646081730769 0.5177040576923078 0.4109363846153846 0.5226571466346154 0.42050424999999997 0.5452436538461538 0.43198111057692307 0.5345365192307692 0.4456122548076923 0.5250216754807693
3 0.36125836298076924 0.41926732211538464 0.3674639567307692 0.43152147596153845 0.37594403125000003 0.42925192548076924 0.36982980769230767 0.42169026201923077 0.37042747836538464 0.41772727163461537 0.36125836298076924 0.41926732211538464
3 0.3003623125 0.4584422884615385 0.3084438629807692 0.45212259375 0.30043682211538464 0.4403800504807692 0.29591247596153847 0.44333028846153844 0.3003623125 0.4584422884615385
4 0.24204345192307694 0.4566861177884615 0.23998031250000001 0.44010989182692306 0.22768999759615383 0.46011484374999995 0.23615765384615386 0.46085566826923074 0.24204345192307694 0.4566861177884615
3 0.14852955048076924 0.4240784278846154 0.13013276201923077 0.38766982932692307 0.1073739735576923 0.39538228605769227 0.1299671081730769 0.42111599759615387 0.14852955048076924 0.4240784278846154
3 0.4176097475961538 0.790591670673077 0.4269866658653846 0.8124922620192307 0.42904957932692306 0.8089920721153846 0.42080169471153844 0.7885286850961539 0.4176097475961538 0.790591670673077
3 0.4135169639423077 0.7828722548076923 0.4099349230769231 0.7922624591346155 0.4098810336538462 0.7986152692307692 0.41377865865384617 0.7999600865384615 0.4203244447115385 0.7968520961538462 0.42200125240384617 0.7862913870192307 0.41985938942307693 0.78208871875 0.4135169639423077 0.7828722548076923
4 0.8033532524038461 0.48337571874999996 0.7942213918269231 0.47588465144230774 0.7883522283653845 0.4827325096153846 0.7798845721153846 0.4819916875 0.7698272668269232 0.49081537980769235 0.7888796033653847 0.5025204423076923 0.7971354639423077 0.4942083581730769 0.8043702956730769 0.49182986298076925 0.8033532524038461 0.48337571874999996
3 0.8884733317307693 0.4369510961538462 0.9029472067307692 0.4378827884615385 0.9172425552884615 0.43511818990384615 0.9261666129807692 0.41916861298076924 0.9261042932692308 0.4141440625 0.9293210793269231 0.4060603293269231 0.9211811971153847 0.3929677355769231 0.9165861033653846 0.37951606009615385 0.8953089615384615 0.37029320673076926 0.8873893052884616 0.37763088461538463 0.8907974855769231 0.41038590144230774 0.884143920673077 0.42619951442307696 0.8884733317307693 0.4369510961538462
3 0.8173276754807692 0.36380533413461535 0.80729896875 0.33214412740384613 0.7760643221153847 0.3478148149038462 0.7739932067307692 0.3600140576923077 0.793888048076923 0.3620892379807692 0.8142062499999999 0.36219381971153847 0.8173276754807692 0.36380533413461535
3 0.33101048076923073 0 0.3359005552884616 0.003475028846153846 0.34899634615384617 0.0029477307692307693 0.35271965625 0.0062849375 0.3593734495192308 0.010547740384615385 0.3629557163461538 0.021233954326923078 0.36281888461538464 0.03427164182692308 0.3591621081730769 0.04164766586538461 0.36193490865384614 0.04724396153846154 0.3715564375 0.04340124278846154 0.3756532091346154 0.03673292548076923 0.3904176033653846 0.03434396875 0.39741158894230766 0.02324463221153846 0.39650653846153844 0.007773545673076924 0.39360744951923077 0 0.33101048076923073 0
3 0.14780588461538463 0.29753381490384617 0.14362173317307692 0.2851219110576923 0.12395087740384615 0.2690128485576923 0.09690414423076922 0.26263128846153844 0.08856955769230769 0.28331693028846155 0.08638644951923077 0.30253311778846154 0.10438847596153847 0.30042741586538463 0.11233741105769231 0.31283409134615386 0.1393466610576923 0.3081703557692308 0.14780588461538463 0.29753381490384617
4 0.3318342668269231 0.5060330144230769 0.33047703125 0.5129410096153847 0.3586987091346154 0.5431824375000001 0.3662779471153846 0.5311304807692308 0.3369562860576923 0.4991197884615385 0.3318342668269231 0.5060330144230769
4 0.3179259254807692 0.5961637980769231 0.3213793413461538 0.5911122283653846 0.32556748317307693 0.5891363942307692 0.3235251923076923 0.5809271586538461 0.3078475456730769 0.5765440841346154 0.29055518269230773 0.5676698509615384 0.2951626971153846 0.57811115625 0.31384157211538466 0.5998217427884616 0.3179259254807692 0.5961637980769231
4 0.31356211778846155 0.47967351923076923 0.3144917788461538 0.46904744230769235 0.3002004182692308 0.45742430528846156 0.2960328990384615 0.4476907091346154 0.29111424278846154 0.4522794807692308 0.29453040384615387 0.45625903125 0.29390812019230766 0.4863191826923077 0.30362101923076923 0.4871689519230769 0.31356211778846155 0.47967351923076923
4 0.6562582115384615 0.5956494423076923 0.6522650024038461 0.5839234567307693 0.6419045336538461 0.5790017548076923 0.6387873221153846 0.5830789182692308 0.6463171129807692 0.603144875 0.6547224495192308 0.5988611466346154 0.6562582115384615 0.5956494423076923
3 0.5829332091346153 0.5072557163461539 0.5803759615384615 0.47624817788461543 0.5452975817307693 0.4842212355769231 0.5462401129807692 0.5107376177884615 0.5829332091346153 0.5072557163461539
3 0.5802761634615384 0.4601783293269231 0.582733608173077 0.47511601682692306 0.5979131586538462 0.4794555168269231 0.6044879975961538 0.4760154615384616 0.611635673076923 0.4746331610576923 0.6184801826923076 0.45950546875000003 0.6140385528846154 0.4356944134615385 0.6093314639423076 0.4292596778846154 0.6144616875 0.41364739663461536 0.6071769567307692 0.4079909639423077 0.6018724230769231 0.42559563461538463 0.5837293509615384 0.43505034134615383 0.5775780985576924 0.4565962115384616 0.5802761634615384 0.4601783293269231
3 0.6555298798076923 0.42326331490384617 0.6361621875 0.42089964903846155 0.6335639230769231 0.4333873822115385 0.6346889711538461 0.4492123197115384 0.6488308557692307 0.4568071009615385 0.6571656682692308 0.4561978774038461 0.6693149399038462 0.4435419302884615 0.6555298798076923 0.42326331490384617
3 0.5725179471153846 0.42838115865384613 0.5723935336538462 0.4384084711538462 0.5755273774038462 0.43700961298076924 0.60073096875 0.4271688028846154 0.6064007596153846 0.4082576634615384 0.5964013293269231 0.39634081009615385 0.5889673509615384 0.4067324375 0.5823550288461539 0.3991271971153846 0.5733934927884615 0.40403147596153843 0.5754481995192308 0.4092303389423077 0.5716337451923077 0.4212770625 0.5725179471153846 0.42838115865384613
3 0.6088333677884615 0.4292160985576923 0.6152090576923077 0.4337891778846154 0.6280225336538462 0.4278834735576923 0.6363074471153846 0.4192393245192308 0.6150345216346154 0.4157051514423077 0.6088333677884615 0.4292160985576923
3 0.4448213798076923 0.3275345841346154 0.45737737740384615 0.31022972596153847 0.45843566586538465 0.2952650168269231 0.4516947163461538 0.2919984086538462 0.43864461057692306 0.2948719519230769 0.42222824759615385 0.30180087259615385 0.4189990432692308 0.3128949759615385 0.4448213798076923 0.3275345841346154
4 0.44659083653846154 0.066361625 0.4293443846153846 0.07991005528846154 0.43335844230769227 0.10000303125 0.454191375 0.10282949519230769 0.4753188149038462 0.08794757451923077 0.46779723076923074 0.05918256490384615 0.44659083653846154 0.066361625
4 0.6416667740384615 0.4755875096153846 0.63731275 0.4909330913461538 0.6527704014423077 0.4949623125 0.6544640673076922 0.5071563293269231 0.6609269134615385 0.5107332139423076 0.6601048052884615 0.4885772524038462 0.6416667740384615 0.4755875096153846
4 0.637892889423077 0.4966721586538462 0.64143671875 0.5036743389423077 0.6346896466346154 0.5094415697115384 0.6373628750000001 0.5190444326923077 0.6471291923076923 0.5178494110576923 0.6478156153846153 0.5162782572115385 0.6485243798076923 0.5176786923076923 0.6537002884615385 0.5044126538461539 0.6525205625 0.5037597307692308 0.6534470697115384 0.50271746875 0.6524341971153846 0.49593671875 0.6375327451923076 0.4912869471153846 0.6371841225961539 0.49527172596153846 0.6383638485576923 0.49592464903846156 0.637892889423077 0.4966721586538462
3 0.37220009615384614 0.4376241466346154 0.36467053365384616 0.43763460576923074 0.3751390072115385 0.4499271057692308 0.38706850480769234 0.45699371875 0.39421196634615385 0.4499227403846154 0.37755475721153847 0.44813081490384615 0.37220009615384614 0.4376241466346154
3 0.12392706009615385 0.3922177019230769 0.12628082451923078 0.3886712548076923 0.11944850721153846 0.38071216105769234 0.11423511778846153 0.3829328990384615 0.11984222596153846 0.3881637163461538 0.14467095673076924 0.4132724375 0.14550348317307693 0.41277166346153843 0.1456587596153846 0.41427504326923076 0.14650042307692307 0.41386270432692307 0.14664656490384614 0.41527764903846154 0.14749736298076924 0.41495374519230765 0.14763437019230768 0.41628025721153844 0.14849430048076923 0.4160447836538462 0.14862217548076923 0.4172828629807693 0.1494912403846154 0.41713582451923076 0.14960997836538462 0.41828546875 0.15048817548076923 0.41822686538461534 0.15059778365384616 0.41928807692307696 0.1514851153846154 0.41931790625 0.1515855889423077 0.4202906826923077 0.1524820528846154 0.42040894711538457 0.1525733918269231 0.4212932908653846 0.15347899278846155 0.42149998798076926 0.15356119711538463 0.42229589423076924 0.15447593028846154 0.42259102884615385 0.15454900240384614 0.42329850240384614 0.1554728701923077 0.4236820697115385 0.15553680769230768 0.4243011081730769 0.1564698076923077 0.4247731105769231 0.15652461057692307 0.4253037163461538 0.15746674759615387 0.4258641514423077 0.15751241586538461 0.42630631971153843 0.15846368269230768 0.4269551923076923 0.15850022115384615 0.4273089278846154 0.15946062259615384 0.42804623076923076 0.15948802403846155 0.4283115336538461 0.1624514375 0.43131935336538463 0.16631579567307692 0.42730755528846154 0.14135301442307693 0.40188702644230767 0.14072210096153845 0.4027241105769231 0.1403545048076923 0.40087020432692305 0.14003904807692308 0.40128874519230767 0.13935599278846153 0.3998533822115385 0.1367685216346154 0.40525158653846155 0.12392706009615385 0.3922177019230769
4 0.8072687884615385 0.23209411057692308 0.7897524399038461 0.2372537596153846 0.7895036153846154 0.25730838701923076 0.8034212908653846 0.2588606346153846 0.8102575961538462 0.2524319951923077 0.8135905889423077 0.24302 0.8072687884615385 0.23209411057692308
4 0.3669784278846154 0.07278070673076922 0.36294374759615383 0.0643971610576923 0.3494787115384615 0.08061866586538462 0.35699585817307694 0.08361857692307692 0.3669784278846154 0.07278070673076922