3 0.746400360576923 0.2622337259615385 0.7506611778846154 0.2627935096153846 0.7667462403846154 0.2447934639423077 0.7637558942307692 0.23925302403846155 0.746400360576923 0.2622337259615385
2 0.11999232692307693 0.15235054567307693 0.1261555264423077 0.15031816826923078 0.12353139663461538 0.10408252163461539 0.11810015384615384 0.10177898557692308 0.10631226923076922 0.10519900240384615 0.11141793509615384 0.15223766346153847 0.11999232692307693 0.15235054567307693
2 0.033524810096153844 0.41061192067307695 0.02210648798076923 0.5466254663461538 0.02855653125 0.5439351538461539 0.03830655528846154 0.4108625216346154 0.033524810096153844 0.41061192067307695
2 0.21211605048076926 0.864801545673077 0.19697398076923076 0.8744389471153846 0.20543501682692306 0.9007915312500001 0.2157875048076923 0.9151298725961539 0.22402894711538462 0.9071497235576923 0.21731748557692307 0.8859360649038461 0.21500515865384615 0.8915350865384616 0.2109432548076923 0.8919951754807692 0.21385350721153845 0.8749870817307692 0.21211605048076926 0.864801545673077
3 0.723627 0.9760658413461538 0.7166377211538462 0.9168150865384616 0.7041651658653846 0.9188532884615385 0.7118160600961538 0.975110375 0.7176627115384615 0.97911809375 0.723627 0.9760658413461538
3 0.6153486466346154 0.7018780649038461 0.6198841899038462 0.7068265192307692 0.6214063317307693 0.7018590528846154 0.6157179543269231 0.6948312836538462 0.6153486466346154 0.7018780649038461
3 0.4498063341346154 0.711372423076923 0.45004588461538464 0.7164322163461538 0.45568815625 0.7147090192307692 0.4539331153846154 0.7048590456730769 0.4498063341346154 0.711372423076923
3 0.41954689663461536 0.6434995120192308 0.4322723076923077 0.6270058076923076 0.42059112259615383 0.613943764423077 0.4121616995192308 0.6303261298076923 0.4109088125 0.6349712259615384 0.41954689663461536 0.6434995120192308
3 0.33553615625 0.6333764903846154 0.3421675288461538 0.6320416129807692 0.3377902596153846 0.624073110576923 0.33553615625 0.6333764903846154
3 0.24691886538461538 0.9133965721153847 0.24299099759615383 0.9209298221153847 0.24723969471153848 0.9265362091346153 0.25161814663461535 0.9200360216346154 0.24691886538461538 0.9133965721153847
3 0.1086028389423077 0.7934260504807693 0.10555189903846154 0.8131186346153847 0.10841367307692308 0.8162969543269232 0.12662736298076924 0.8202798389423077 0.1300057860576923 0.8039692451923077 0.13160064663461538 0.7687221514423077 0.12279217067307693 0.7682605168269231 0.12043255048076923 0.779577264423077 0.1086028389423077 0.7934260504807693
3 0.7384136826923077 0.30387549278846154 0.7309448365384615 0.3115596514423077 0.7371486754807692 0.31356719471153843 0.7431074951923077 0.30580389903846156 0.7384136826923077 0.30387549278846154
4 0.37294216586538464 0.5552539879807692 0.37271782932692304 0.5787960144230769 0.3784710841346154 0.5797704951923077 0.4032118125 0.5699631754807692 0.4324540985576923 0.5513067403846154 0.4308682644230769 0.5478588052884615 0.40946959615384615 0.55649534375 0.411749125 0.5226300625 0.4106435793269231 0.5148330216346154 0.4081905625 0.52311653125 0.4040086514423077 0.5595739759615385 0.37618299519230775 0.5752763076923076 0.3791944831730769 0.5370751129807693 0.406698125 0.5227018341346154 0.4083609567307693 0.5150498774038461 0.37264557692307687 0.5320211418269231 0.37107067307692304 0.5379952932692308 0.37435997836538465 0.5378311947115384 0.37294216586538464 0.5552539879807692
2 0.09315700721153847 0.5103076298076923 0.09408979086538462 0.5551087067307692 0.10645682692307692 0.5550838701923078 0.10370056971153846 0.5498921826923077 0.10598984374999999 0.5399176778846153 0.10788675961538462 0.5326144735576923 0.10753741346153846 0.5103883100961538 0.1012984014423077 0.509051889423077 0.09315700721153847 0.5103076298076923
2 0.14740933413461538 0.837856625 0.18386760576923075 0.8259715336538461 0.18283905528846153 0.8070746009615385 0.1456609423076923 0.8182490024038462 0.14601694471153845 0.8307175168269231 0.14740933413461538 0.837856625
2 0.20453694471153844 0.9323738341346155 0.19782857932692308 0.9448086033653845 0.22208783173076924 0.9538190793269231 0.22411997115384616 0.93912034375 0.20453694471153844 0.9323738341346155
3 0.6895076105769231 0.5869861995192308 0.6937914807692308 0.5919214639423077 0.6973094038461538 0.5873950745192308 0.6932947932692308 0.5821374350961539 0.6895076105769231 0.5869861995192308