1 0.5291304038461538 0.5713979038461539 0.5296931514423077 0.5685281682692308 0.5308471610576923 0.5644224350961539 0.532229076923077 0.5558185745192308 0.5330696322115385 0.5513097548076923 0.5351568798076923 0.5480048509615385 0.5353919134615385 0.5439151586538462 0.5352707163461539 0.5369717716346154 0.5342804471153846 0.5329034687499999 0.5326917836538462 0.5296627235576923 0.5295714903846154 0.52644871875 0.5285954783653847 0.5231972836538461 0.5255037019230769 0.5216170168269231 0.5208660384615384 0.5192466129807692 0.5091329735576923 0.5141401466346154 0.49988616346153847 0.5110330793269231 0.49864660096153846 0.5102375985576922 0.4940160673076923 0.5082756298076924 0.48569536298076926 0.505560954326923 0.4810790865384615 0.5044158533653846 0.4767833942307692 0.5040822788461539 0.4724948341346154 0.5041571346153846 0.4676150072115384 0.5054679903846154 0.46577705048076923 0.5055000721153846 0.4652428221153846 0.5100035456730769 0.46433810096153844 0.5108364543269232 0.46368980288461537 0.5088049759615385 0.46242885336538464 0.5067841923076923 0.4605766418269231 0.5059994038461538 0.45753476923076924 0.5072781754807693 0.4554261346153846 0.5093577764423076 0.4533103701923077 0.5110289447115385 0.4518143870192307 0.5130978509615385 0.45157222355769233 0.5167791081730769 0.4519213269230769 0.5192243701923077 0.4504681177884615 0.5237438846153846 0.44962756249999997 0.5282527043269231 0.4506035745192308 0.5315041394230768 0.4524771754807692 0.5335142307692308 0.45249856250000003 0.5347395336538462 0.45408722596153844 0.5379802740384615 0.4549990745192308 0.5375558004807692 0.45658061057692306 0.5403881057692308 0.4611541105769231 0.5390825985576924 0.46005000480769226 0.546047375 0.4568443918269231 0.5555001850961538 0.4548213076923077 0.562481 0.4569869783653846 0.5636688750000001 0.46040646634615384 0.5664690985576923 0.4678580961538461 0.5720588557692308 0.47653503365384614 0.5776272259615385 0.4839510168269231 0.5811748100961538 0.49197252403846153 0.5843032644230769 0.503071548076923 0.5881951201923077 0.5089202572115384 0.589727266826923 0.5138571153846153 0.5916838894230769 0.5181528076923076 0.5920174663461538 0.5221493052884616 0.5927648245192307 0.5242151634615385 0.5882346153846154 0.5256826274038462 0.5845319711538461 0.5268508990384615 0.5812431081730769 0.5280191682692308 0.5779542427884615 0.5288739831730769 0.5742622908653846 0.5288383365384616 0.5722201201923076 0.5291304038461538 0.5713979038461539
1 0.45451428605769234 0.5097822524038461 0.4530111730769231 0.5114427259615385 0.4518143870192307 0.5130978509615385 0.45155796634615386 0.5159622403846154 0.4518999375 0.5179990673076923 0.4525411081730769 0.519622108173077 0.4544075793269231 0.5212237668269231 0.4562526634615385 0.5216001201923077 0.4583755576923077 0.5203373870192307 0.4607905192307692 0.5182524399038462 0.46321260817307697 0.5165759254807692 0.4644022644230769 0.5145123653846154 0.4643523605769231 0.5116533221153846 0.46401751682692305 0.5100249326923076 0.46336921875 0.5079934543269231 0.46242885336538464 0.5067841923076923 0.46088296875 0.5059940552884615 0.45935846634615385 0.5064292259615384 0.4566300504807692 0.5081110865384615 0.45451428605769234 0.5097822524038461
4 0.5066000625 0.7552341442307693 0.5038217427884615 0.7540569615384616 0.5014067812499999 0.7561419110576922 0.49746018990384616 0.75825359375 0.49045034134615384 0.7604187451923077 0.48341197596153845 0.7609501610576923 0.4788170889423077 0.7610303653846154 0.47333886778846157 0.76316878125 0.47305393028846154 0.7643994326923077 0.47368796874999997 0.7656140432692309 0.47075303605769225 0.7730193317307692 0.47686529567307695 0.7720955240384615 0.48698118028846155 0.7723275120192308 0.4955583052884615 0.7721777956730769 0.5035370360576923 0.7728556442307692 0.5103047235576923 0.77437175 0.5161605600961539 0.7763123317307692 0.5207910961538461 0.7782743004807693 0.5234838653846153 0.7745502668269231 0.5264829615384615 0.7708208846153847 0.5297598653846154 0.7654524206730768 0.5318471105769231 0.762147516826923 0.5339700048076923 0.7608847836538462 0.5332218990384615 0.7531352235576924 0.5289761105769231 0.7556606875 0.5261621442307692 0.7524413317307693 0.5227925600961538 0.7525001490384615 0.5194229735576923 0.7525589639423077 0.5163311995192308 0.7509786971153846 0.5120640264423076 0.7522788581730769 0.5066000625 0.7552341442307693
2 0.11173005288461539 0.09413273076923077 0.13209014663461538 0.10194852163461537 0.1331443485576923 0.09212470673076924 0.1127842548076923 0.08430891346153846 0.11173005288461539 0.09413273076923077
2 0.648185798076923 0.1419671153846154 0.6352630769230768 0.13892421153846152 0.6353628870192308 0.14464229326923078 0.6470745625000001 0.14852345432692307 0.648185798076923 0.1419671153846154
2 0.5785716346153846 0.15625612019230767 0.5688404951923076 0.16051156971153846 0.5695814735576923 0.16785269471153846 0.5792983533653846 0.16278037740384615 0.5785716346153846 0.15625612019230767
2 0.8393046346153846 0.13699688701923077 0.8401881995192307 0.15250670673076924 0.8426388052884615 0.15246393028846156 0.8417552427884616 0.13695411057692308 0.8393046346153846 0.13699688701923077
2 0.8299727379807693 0.16412466586538463 0.82203678125 0.16589742548076922 0.8215096802884615 0.1708093341346154 0.8306709399038461 0.1690151875 0.8299727379807693 0.16412466586538463
2 0.8039704519230769 0.14905329807692308 0.8040987764423077 0.1564051201923077 0.8084301153846154 0.15878086778846154 0.8076321033653847 0.14817226682692308 0.8039704519230769 0.14905329807692308
2 0.7775128221153846 0.1781142451923077 0.7676818774038462 0.17665160817307693 0.7671690336538461 0.1823803846153846 0.7763873269230769 0.18385371634615386 0.7775128221153846 0.1781142451923077
2 0.6926242067307692 0.12484907932692307 0.6881360288461539 0.11348777163461538 0.6851155432692307 0.1159918485576923 0.6908290264423077 0.12733176923076922 0.6932653774038461 0.126472125 0.6926242067307692 0.12484907932692307
2 0.7757470865384615 0.25250279807692305 0.7803493365384615 0.2703990576923077 0.7827856850961539 0.2695394110576923 0.7787818269230768 0.2508155889423077 0.7757470865384615 0.25250279807692305
2 0.8508893750000001 0.23893441346153846 0.8474416009615384 0.2520684807692308 0.8499349831730769 0.25447631490384615 0.8539668942307692 0.23969781490384617 0.8508893750000001 0.23893441346153846
2 0.8743421730769231 0.3186025985576923 0.8711078125 0.3088536394230769 0.8680588124999999 0.3097239783653846 0.8725469927884616 0.3210852884615385 0.8743421730769231 0.3186025985576923
2 0.9011714519230769 0.3810523701923077 0.9002736298076923 0.3647256850961539 0.8978230216346154 0.36476846153846154 0.8980939350961539 0.38028897115384613 0.8999746658653845 0.38270749759615386 0.9011714519230769 0.3810523701923077
2 0.9160452692307692 0.32032602403846155 0.9162163701923076 0.33012845192307694 0.9192796298076923 0.3300749807692308 0.9178689663461538 0.3194770721153847 0.9160452692307692 0.32032602403846155
2 0.9460371514423076 0.35330434615384615 0.9492857716346154 0.3638701754807692 0.9516936033653847 0.3613767932692307 0.9478323317307692 0.35082165625 0.9460371514423076 0.35330434615384615
2 0.9107742620192307 0.3694451033653846 0.9113298798076923 0.3661669326923077 0.908865014423077 0.3653928389423077 0.9054172403846154 0.3785269086538462 0.9085090168269231 0.3801071754807692 0.9107742620192307 0.3694451033653846
2 0.9301367235576923 0.35521612740384617 0.9333710841346154 0.3649650841346154 0.9369757043269231 0.3608165769230769 0.9319033870192308 0.35109969711538463 0.9301367235576923 0.35521612740384617
2 0.9457524471153846 0.37210302884615387 0.9495281658653846 0.3777569495192308 0.9506536610576923 0.3720174783653846 0.9474905913461539 0.3663528653846154 0.9457524471153846 0.37210302884615387
2 0.8544972403846154 0.4807383413461539 0.8465898028846154 0.4841448389423077 0.8448231394230769 0.4882612644230769 0.8454785673076923 0.49070117788461537 0.8551954423076923 0.48562886057692306 0.8544972403846154 0.4807383413461539
2 0.8774928389423077 0.46399459374999996 0.877421545673077 0.45991024759615384 0.8749709399038461 0.4599530216346154 0.8708819951923077 0.4714640456730769 0.8733753774038462 0.4738718774038461 0.8774928389423077 0.46399459374999996
2 0.8952312235576922 0.46205073076923076 0.8917121562499999 0.4711004543269231 0.8948467067307693 0.4751313317307692 0.8977103485576923 0.46364169471153843 0.8952312235576922 0.46205073076923076
2 0.8689594158653846 0.5368670384615385 0.8682897307692308 0.5336102572115384 0.8664517764423076 0.5336423389423077 0.860439326923077 0.5402842283653846 0.8617501802884615 0.5451640552884616 0.8689594158653846 0.5368670384615385
2 0.8088206610576923 0.6024690793269231 0.801967423076923 0.5960517620192308 0.8008134134615384 0.6001574927884615 0.8089062115384615 0.6073702956730769 0.8101172572115385 0.6065320384615385 0.8088206610576923 0.6024690793269231
2 0.4531841298076923 0.6617894014423077 0.43644291346153846 0.6506419711538461 0.4347047668269231 0.6563921346153846 0.4489953774038461 0.6675823437499999 0.45268554807692307 0.6683350504807692 0.4531841298076923 0.6617894014423077
2 0.5005022932692308 0.7745428509615385 0.4870952475961538 0.7788624615384615 0.4872520913461538 0.7878480216346154 0.5006306201923076 0.7818946730769232 0.5005022932692308 0.7745428509615385
2 0.4314124447115385 0.5731035769230769 0.4396478317307692 0.5884850673076923 0.4432667067307693 0.5851534278846153 0.43869297355769227 0.5688909038461538 0.4314124447115385 0.5731035769230769
2 0.4726753846153846 0.6900483076923076 0.48324730769230767 0.6988520721153846 0.48501396875 0.6947356466346153 0.4787448677884615 0.6866738942307692 0.4726040913461539 0.6859639639423077 0.4726753846153846 0.6900483076923076
2 0.4236489831730769 0.6900869495192308 0.42808013221153846 0.6981807836538461 0.43110061538461536 0.6956767067307692 0.42726786057692306 0.6867553125 0.4236489831730769 0.6900869495192308
2 0.8798450288461539 0.563641920673077 0.8712679014423077 0.5637916346153846 0.8713249350961539 0.567059110576923 0.8799163197115385 0.5677262668269231 0.8798450288461539 0.563641920673077
2 0.8670363750000001 0.56713396875 0.8638020144230769 0.5573850096153846 0.86078153125 0.5598890865384616 0.8646285432692308 0.5696273509615385 0.8670363750000001 0.56713396875
2 0.8728910528846154 0.48123439423076925 0.8728482764423077 0.47878378605769234 0.869785016826923 0.47883725721153847 0.8655820072115384 0.48381332932692306 0.8656533004807693 0.48789767307692306 0.8728910528846154 0.48123439423076925
2 0.7313054302884615 0.023668394230769232 0.7327873870192309 0.03835064903846154 0.7364490384615384 0.037469615384615386 0.7349670817307692 0.02278736057692308 0.7313054302884615 0.023668394230769232
2 0.5717754278846153 0.1531062764423077 0.5593940673076923 0.14596833413461538 0.5564021009615385 0.15010614903846153 0.5694388894230769 0.1596840048076923 0.5717754278846153 0.1531062764423077
2 0.7921442427884616 0.1035011201923077 0.787171735576923 0.09950232692307694 0.7859892067307693 0.10197432211538461 0.7922012764423076 0.1067685985576923 0.7921442427884616 0.1035011201923077
2 0.7329460865384616 0.18788045673076922 0.730666579326923 0.1977256610576923 0.7331314471153847 0.1984997548076923 0.7347840408653846 0.187848375 0.7329460865384616 0.18788045673076922