2 0.1926637451923077 0.09850615384615385 0.20674983894230767 0.12828984855769232 0.21232131009615385 0.1679329326923077 0.21093392548076922 0.2064914639423077 0.20357437740384615 0.23557654807692308 0.18887714423076923 0.2586801826923077 0.28279441346153844 0.2599188653846154 0.29783112500000003 0.25904312740384616 0.30837491346153845 0.24601098076923078 0.31431153125000005 0.2266136346153846 0.3156223894230769 0.19631608413461538 0.30792609134615384 0.17017198557692306 0.29565925240384616 0.15333296875 0.1926637451923077 0.09850615384615385
3 0.19391502644230768 0.10080536298076924 0.18595196634615385 0.0903741826923077 0.17548579807692308 0.08194483653846155 0.16300904807692307 0.08122326201923077 0.15153704326923076 0.08324806009615385 0.14082324519230768 0.08846638701923076 0.1317401033653846 0.0942805625 0.12322547836538462 0.10413995192307693 0.11651152403846154 0.12240900961538462 0.11190217307692309 0.1424448389423077 0.11085698798076923 0.1702299855769231 0.11502629807692308 0.1976947956730769 0.12662841346153847 0.2274150793269231 0.13921777884615386 0.24214620913461538 0.14509536298076922 0.24874537019230772 0.15633887259615384 0.2583030048076923 0.16544005528846156 0.2636240961538462 0.1756033798076923 0.26549582451923076 0.1893510889423077 0.25985110817307694 0.2045414014423077 0.2358531514423077 0.21085793990384616 0.20815218990384615 0.21215021153846153 0.173319625 0.20928958173076923 0.14195829326923076 0.20007632932692307 0.11602738701923077 0.19391502644230768 0.10080536298076924
3 0.7665221442307693 0.5450450072115385 0.7728933509615385 0.54414959375 0.7782794951923078 0.5318423052884615 0.7779203437500001 0.5182799086538462 0.7722138557692309 0.5062940528846154 0.7331720817307693 0.5014682355769231 0.7046538774038461 0.4988760288461539 0.6970122548076922 0.49953747596153847 0.677008673076923 0.4870858822115384 0.656966826923077 0.4787647740384615 0.5668990673076924 0.4740974975961538 0.5593711442307693 0.4755679903846154 0.5516529903846153 0.4844904206730769 0.5476318341346154 0.49990596153846156 0.5484835216346153 0.5191742932692308 0.5541894639423077 0.53776040625 0.56365034375 0.5500436394230769 0.6571308461538461 0.5591814182692307 0.670707454326923 0.5589233966346154 0.6852139134615385 0.549871954326923 0.6953209302884615 0.5447389038461539 0.703815875 0.543545016826923 0.7223604423076923 0.5434138173076923 0.7464229014423077 0.5429196370192307 0.7665221442307693 0.5450450072115385
2 0.7271097764423077 0.6652621850961539 0.732154266826923 0.6571280288461538 0.7247597235576924 0.6507420600961538 0.7100247668269231 0.6713759302884615 0.7149730504807692 0.6801682524038462 0.7271097764423077 0.6652621850961539
2 0.5884868701923077 0.5902792836538462 0.5977198004807692 0.6075446875 0.60319996875 0.6047119447115384 0.5907631201923077 0.5800591081730769 0.5884868701923077 0.5902792836538462
2 0.9227920384615385 0.6971624591346154 0.9176196201923077 0.6471505120192307 0.9093143581730769 0.6474927163461538 0.9139368509615384 0.6979944639423077 0.9227920384615385 0.6971624591346154
2 0.8902860408653847 0.7652576153846155 0.8867202427884616 0.7773090697115385 0.8935271370192308 0.7817150697115385 0.8962204783653847 0.772261298076923 0.8963921225961538 0.7602743485576924 0.9008686394230769 0.74149471875 0.8962423341346154 0.7371947692307692 0.8899454759615384 0.7562302307692307 0.8902860408653847 0.7652576153846155
3 0.47020429807692304 0.5829771634615384 0.46601313221153845 0.5905788846153845 0.4711128365384616 0.6026500168269231 0.47219247596153846 0.6169361802884615 0.47811656490384613 0.7493447403846154 0.4797084134615384 0.7606713341346154 0.4971334447115385 0.7701852355769231 0.5083966274038462 0.7710773653846155 0.5165121995192308 0.7715868389423076 0.5274342740384615 0.7700518413461539 0.5368776586538462 0.7645995504807692 0.5513578365384615 0.6144729495192307 0.5560798004807692 0.6084466754807693 0.5528572956730768 0.5965242283653847 0.5429979038461539 0.5880096057692308 0.5277151995192308 0.5827322500000001 0.5052648125 0.5792872644230769 0.48124007692307696 0.5822512091346154 0.47020429807692304 0.5829771634615384
3 0.5553970336538462 0.6101926754807692 0.5549996177884615 0.6007607692307693 0.5531617740384616 0.5832810793269231 0.5484414447115384 0.5695065817307692 0.5395304927884615 0.5567335528846153 0.5303347379807692 0.5485381730769231 0.5170997836538461 0.5446230673076923 0.5072398509615385 0.5427086995192307 0.49863119951923074 0.543093545673077 0.48755715625 0.5479499903846153 0.47703249999999997 0.5589168918269231 0.4719497475961539 0.5711815408653846 0.46832710096153846 0.5828284759615385 0.4653686298076923 0.5881943966346154 0.4657283269230769 0.5951565360576923 0.4747912475961539 0.6046081177884616 0.48690720913461544 0.6115680673076923 0.5001990144230769 0.6158876947115384 0.513699639423077 0.6172903966346154 0.5286603677884615 0.6180753822115383 0.5421232716346154 0.6170083173076922 0.5518317836538462 0.615643875 0.5553970336538462 0.6101926754807692
3 0.4970268221153846 0.6835728533653846 0.4950326514423077 0.7222166634615385 0.4977243605769231 0.7325636634615385 0.50140440625 0.7147209927884616 0.503701420673077 0.6826347980769231 0.5276304326923077 0.4610533389423077 0.5219228557692308 0.46226799759615383 0.4970268221153846 0.6835728533653846
2 0.5202840264423076 0.5606760024038462 0.5157129423076923 0.5765813413461538 0.5206426346153846 0.5808386538461539 0.5261998774038461 0.5631446730769231 0.5202840264423076 0.5606760024038462
2 0.5160600432692308 0.5064056442307693 0.5098408004807692 0.5039796105769231 0.5092706514423078 0.519735170673077 0.5075820504807692 0.5319353125 0.5132136418269231 0.5323813774038462 0.5160600432692308 0.5064056442307693
2 1 0.5917396610576924 0.9940402307692308 0.5877339639423077 0.9895839399038462 0.5912478365384616 0.9844262932692308 0.5919726947115385 1 0.6051720721153846 1 0.5917396610576924
2 0.3887468245192308 0.5581242740384615 0.3876475096153846 0.5525036153846153 0.3698994110576923 0.5516978581730769 0.3711124302884615 0.5581275600961538 0.3887468245192308 0.5581242740384615