3 0.9181326586538462 0.6806521610576923 0.9087324759615385 0.7066626850961538 0.8922416057692307 0.7528765360576923 0.8755217211538462 0.8013279567307693 0.8675055216346154 0.83655871875 0.8742054230769232 0.8500975096153846 0.8770496514423077 0.8630049903846154 0.8856964038461539 0.8718858341346153 0.9119993125 0.8973791105769231 0.9159026826923077 0.8963474735576923 0.9711969375 0.7558863870192307 0.9629886586538461 0.7116004807692308 0.9655843149038461 0.6958156153846153 0.9586457283653846 0.6762301418269231 0.9501231490384616 0.6745147692307693 0.9386326033653846 0.6814492596153846 0.9238683701923077 0.676081360576923 0.9181326586538462 0.6806521610576923
3 0.9554871995192307 0.7058931923076923 0.9624255721153846 0.7111172572115384 0.9655843149038461 0.6958156153846153 0.9584452836538462 0.6745976634615385 0.9512970192307691 0.6738182740384615 0.944005670673077 0.6780277163461539 0.9456186682692308 0.6850103822115384 0.9496367620192309 0.6972213653846153 0.9554871995192307 0.7058931923076923
4 0.9582289735576922 0.8861791947115385 0.9508991682692307 0.8716130216346154 0.9630673125 0.8640429711538461 0.971503735576923 0.8486456730769232 0.9704441586538461 0.8338619759615384 0.9548021057692307 0.8418585697115385 0.9480166995192308 0.8542913317307692 0.9331285072115385 0.8561193725961539 0.9272402620192307 0.8717561562499999 0.9271547620192307 0.8977277067307692 0.9360687740384616 0.9087851875 0.9503747572115385 0.9042668197115385 0.9582289735576922 0.8861791947115385
4 0.6969160048076923 0.5139347908653846 0.7222547211538461 0.5213184807692308 0.7462958269230769 0.550956014423077 0.764314625 0.5664191923076923 0.7787162115384615 0.57293634375 0.7882979326923076 0.5607126009615384 0.7891946586538462 0.5351938028846154 0.780862639423077 0.5124652451923077 0.7497972283653845 0.47485238701923077 0.72999378125 0.4612654206730769 0.7103813245192309 0.45538808413461535 0.6906829350961539 0.4467594879807692 0.6828476225961538 0.4526928076923077 0.6775987307692308 0.4632798197115384 0.6755375889423078 0.4834179615384615 0.6781051057692308 0.5002259567307692 0.6969160048076923 0.5139347908653846
4 0.7461709999999999 0.5007063221153847 0.744262608173077 0.5241398822115385 0.7628638293269231 0.5566547980769231 0.7881823413461538 0.49002434855769234 0.7650764206730769 0.45364363701923077 0.7461709999999999 0.5007063221153847
3 0.43724036057692306 0.49555393269230774 0.43596121875000005 0.47693065384615385 0.4308074975961539 0.46983037259615384 0.43165674519230773 0.4603359302884616 0.43521659134615387 0.4626606490384615 0.43646672596153846 0.45643116105769227 0.42785799759615384 0.43760311538461544 0.4240691346153846 0.43751596875 0.4208339086538461 0.4439891947115384 0.4141436730769231 0.4387346610576923 0.40168915384615383 0.4419209735576923 0.3933100889423077 0.4639395793269231 0.3806555600961538 0.49421623076923077 0.37675240625 0.5096092716346153 0.3904098028846154 0.5305792307692307 0.40086054326923076 0.5541523701923077 0.41107216586538464 0.5429560096153846 0.4209974110576923 0.5273759110576923 0.43724036057692306 0.49555393269230774
4 0.38077071875 0.5361816658653846 0.3882910817307692 0.5297346538461538 0.3762752548076923 0.5118773125 0.3804074230769231 0.4942466971153846 0.3870877716346154 0.4768555673076923 0.37786869471153844 0.4879300576923077 0.3717514350961538 0.5058044134615385 0.37357475961538467 0.53706521875 0.38077071875 0.5361816658653846
3 0.3450042860576923 0.7659372716346154 0.3521336490384615 0.7788709663461538 0.3595682932692308 0.7840340985576923 0.36890209375 0.7862022283653847 0.37875107211538467 0.7761551201923077 0.3838663365384616 0.7644797884615385 0.38174696394230767 0.7205509855769231 0.37792952884615383 0.7243338846153846 0.3680515432692308 0.7095282283653847 0.35863202403846156 0.7189702427884614 0.3508255 0.735394923076923 0.3450042860576923 0.7659372716346154
4 0.25139597836538463 0.5410196298076924 0.23740451201923077 0.517328875 0.23364443990384617 0.5277330841346154 0.24671017307692308 0.5520898677884616 0.25139597836538463 0.5410196298076924
4 0.25722729567307695 0.5474843509615385 0.2597660240384615 0.5538009879807693 0.2652344783653846 0.5470535552884616 0.25722729567307695 0.5474843509615385
4 0.611254483173077 0.0809053389423077 0.6079904663461538 0.07688720913461539 0.6002318533653846 0.10601035096153846 0.6042879735576923 0.10827413701923076 0.611254483173077 0.0809053389423077
4 0.7350446153846154 0.6070214086538461 0.7462966947115385 0.608401641826923 0.7455804254807692 0.5759001826923077 0.7371822403846154 0.5957116850961538 0.7350446153846154 0.6070214086538461
4 0.20671596875 0.7884405697115385 0.2080329158653846 0.7827552403846153 0.20023562980769233 0.7787413629807692 0.19535883413461536 0.7821019711538462 0.1926675721153846 0.7868513197115384 0.19505355048076925 0.7898725336538461 0.19805976201923076 0.7856368798076924 0.20671596875 0.7884405697115385