2 0.5726304927884616 0.7775227764423077 0.6017830961538462 0.8186391802884615 0.6465580745192308 0.7988054206730768 0.6212853485576922 0.7614739927884616 0.6164542451923077 0.7629543509615384 0.6016331610576923 0.7689465721153846 0.5970175817307692 0.7667341201923077 0.5893950552884616 0.7695879423076923 0.5726304927884616 0.7775227764423077
3 0.6363544471153847 0.8226564399038462 0.6365449831730768 0.8106815264423077 0.6334008076923077 0.80532403125 0.6289936754807692 0.8070889663461538 0.6316657764423077 0.8112440288461538 0.6318350745192307 0.8222797043269231 0.6363544471153847 0.8226564399038462
2 0.6248907692307692 0.7444114254807693 0.6207703774038461 0.7360371634615385 0.6144589110576922 0.7326864158653846 0.6050603269230769 0.7328721826923077 0.596917625 0.7336057163461539 0.5884863028846155 0.7288321009615385 0.5797753197115385 0.726527485576923 0.5728564254807693 0.7271968846153847 0.5763444038461538 0.7313091899038462 0.5681465168269231 0.7387950625 0.5684351322115385 0.7443022091346154 0.5621326225961538 0.7489276129807692 0.5668925120192307 0.753893639423077 0.5780350817307692 0.7557640240384615 0.5790362884615384 0.7670628942307692 0.5820682235576923 0.77027871875 0.5873714038461538 0.7700007908653846 0.5936578798076924 0.7650694375 0.6007371177884615 0.7674595673076923 0.6180218533653845 0.7616450240384616 0.6261876730769231 0.7535472451923078 0.6248907692307692 0.7444114254807693
2 0.9059057475961538 0.4164484014423077 0.9068480216346154 0.40320692067307695 0.9041259399038462 0.38248765625000003 0.8940397572115385 0.3851638004807692 0.8981370384615384 0.4009023076923077 0.8989547884615384 0.4165058942307692 0.9059057475961538 0.4164484014423077
2 0.8470039471153845 0.36185823317307697 0.8398695264423076 0.3662204375 0.8418540288461538 0.3728658822115385 0.8519972692307692 0.3790837451923077 0.8595235889423076 0.37439420432692305 0.8470039471153845 0.36185823317307697
2 0.7629425024038461 0.41258944951923077 0.7600407163461539 0.4274675889423077 0.7650161298076923 0.4287408028846154 0.7686856874999999 0.4129020480769231 0.7629425024038461 0.41258944951923077
3 0.7425933365384616 0.3443206850961538 0.7637348389423076 0.3496553581730769 0.7675095576923077 0.34362846634615385 0.7444245745192308 0.34023640384615383 0.7425933365384616 0.3443206850961538
4 0.8274215192307692 0.41749365624999996 0.8432669230769231 0.41543606250000004 0.8404844567307692 0.4247856754807692 0.8396133990384615 0.4315807716346154 0.8479004134615384 0.43360081009615387 0.853123423076923 0.43179312019230764 0.8609062908653846 0.43199882211538465 0.8594811129807692 0.4204153798076923 0.8557045216346153 0.4107959278846154 0.8838040625 0.40840291346153845 0.8927588894230769 0.3763339326923077 0.8845270600961539 0.3675615528846154 0.8437993846153845 0.3865696153846154 0.8436800649038462 0.3920981442307693 0.8401689735576923 0.39535008173076924 0.823349233173077 0.4100372524038462 0.8274215192307692 0.41749365624999996
2 0.8151992115384614 0.08280945432692308 0.8184537524038462 0.07466227163461539 0.7889148725961538 0.08081223557692309 0.7979305072115385 0.08892994951923076 0.8100563725961538 0.08614690625 0.8151992115384614 0.08280945432692308
2 0.6711906442307692 0.43365798798076927 0.6867724158653845 0.4343753485576923 0.6873317403846154 0.42943734615384616 0.6718141057692308 0.42994379807692307 0.6711906442307692 0.43365798798076927
2 0.746714389423077 0.7585820504807692 0.7566793774038462 0.7457880865384615 0.7536634759615384 0.7428782139423077 0.7411867307692308 0.7545766418269231 0.746714389423077 0.7585820504807692
2 0.9646767427884615 0.0470575048076923 0.9721799495192307 0.04973220913461539 0.9759867355769232 0.044317223557692305 0.9754095024038462 0.033302925480769234 0.9646767427884615 0.0470575048076923