0 0.44768780769230765 0.8094814038461539 0.4587731370192308 0.8089664278846154 0.46238525480769227 0.7795465120192309 0.4553067235576923 0.7766351514423077 0.44790052644230766 0.7768776033653846 0.43942427403846157 0.7599188100961538 0.42447593028846153 0.7647679278846155 0.4187193100961538 0.77281409375 0.42306503125000006 0.7898067115384616 0.42559734615384615 0.8005725288461538 0.4348169495192308 0.8065568822115385 0.44768780769230765 0.8094814038461539
0 0.6103976634615385 0.7635482451923077 0.6069659927884615 0.7706057908653846 0.6108167884615384 0.7740283774038462 0.6161298413461539 0.77101553125 0.6232964014423078 0.7692600745192307 0.6207719134615384 0.7637662740384615 0.6103976634615385 0.7635482451923077
0 0.4133119158653846 0.8561814831730769 0.40840232932692305 0.8591304254807692 0.41113857451923075 0.8633499206730769 0.4199747596153846 0.8669134711538462 0.422080125 0.861927139423077 0.42057433173076925 0.8550312283653846 0.4133119158653846 0.8561814831730769
0 0.6961395769230769 0.6494660096153846 0.7066776586538462 0.6481071322115385 0.6968271730769231 0.6329169543269231 0.6961395769230769 0.6494660096153846
0 0.6453784807692308 0.6606076899038461 0.6558006586538461 0.6611283197115385 0.6537676634615385 0.6509038052884615 0.6453784807692308 0.6606076899038461
0 0.5381451225961539 0.6416095721153846 0.5373259663461538 0.6494940985576924 0.5417719375 0.6540631826923077 0.54882259375 0.654187235576923 0.5505445384615385 0.6467801009615385 0.5483755913461539 0.6409197980769231 0.5381451225961539 0.6416095721153846
0 0.5128313149038461 0.6201831778846153 0.5032884447115384 0.6043238942307693 0.49768782692307695 0.6055211370192308 0.5002480192307692 0.6190742596153846 0.4965287860576923 0.6243162019230769 0.5015176105769231 0.6427579254807692 0.5128748485576924 0.6335145192307692 0.5128313149038461 0.6201831778846153
0 0.5276314855769231 0.627455 0.5326447548076924 0.6303832716346154 0.5361243533653846 0.6236283293269231 0.5276314855769231 0.627455
0 0.5504658533653847 0.7376786778846154 0.5440382524038462 0.7414884350961538 0.5471300384615385 0.7453414254807692 0.5568812355769232 0.7416256466346154 0.5633367139423077 0.7406031995192308 0.5565657908653846 0.7370227331730769 0.5504658533653847 0.7376786778846154
0 0.4698623076923077 0.6831334663461538 0.4592205456730769 0.6786151250000001 0.4554054567307692 0.6832518653846154 0.45673959134615383 0.6864526682692307 0.4698623076923077 0.6831334663461538
0 0.4630199783653846 0.6634343533653847 0.45881364423076926 0.6603782716346154 0.4539118846153846 0.6685992331730769 0.4631916370192308 0.6671294639423077 0.4630199783653846 0.6634343533653847
0 0.5730232163461538 0.5014623028846154 0.5649538677884616 0.5027403605769231 0.5636075120192308 0.5072962860576923 0.5694076634615385 0.5125814639423077 0.5760069278846154 0.5124668149038462 0.5835412475961539 0.5025881346153847 0.5779328028846155 0.4985133581730769 0.5730232163461538 0.5014623028846154
0 0.58945978125 0.5556240552884616 0.5829006177884616 0.5507692860576923 0.578977454326923 0.5625575480769232 0.5829441538461538 0.564100625 0.58945978125 0.5556240552884616
0 0.5252746682692307 0.49506631009615387 0.5207563269230769 0.5057080745192308 0.5293607043269231 0.5130306394230769 0.5429348149038462 0.5099501346153846 0.5467499038461539 0.5053133942307693 0.5397393461538461 0.5002199278846153 0.5252746682692307 0.49506631009615387
0 0.4685015096153846 0.24628914182692307 0.4643108317307692 0.25377709375 0.4696595913461538 0.25882357211538465 0.4810324831730769 0.2601241971153846 0.4829495745192308 0.27222822355769233 0.4893048076923077 0.2836293125 0.48977185576923077 0.29441204326923076 0.5261553365384615 0.3047794230769231 0.5305778245192307 0.2935324591346154 0.5322797211538461 0.28861003365384613 0.5427219471153847 0.2866459543269231 0.5473160913461539 0.2790940985576923 0.5347929447115385 0.27053106009615385 0.5321046274038461 0.2666141658653846 0.5417521394230769 0.2570211706730769 0.5536923341346154 0.2566809879807692 0.5522344663461538 0.2500876778846154 0.5530937235576923 0.23723373317307692 0.5481763100961539 0.23491065865384617 0.5413295841346154 0.2282402860576923 0.5364400480769231 0.22870452163461538 0.5260335240384616 0.2387279230769231 0.5399788341346153 0.24582494951923076 0.5418122884615385 0.24956704807692306 0.5255141538461539 0.24067133173076924 0.5042350216346153 0.2186059110576923 0.49766363942307695 0.2215078653846154 0.4695690913461539 0.2138601346153846 0.459646235576923 0.21388080288461536 0.4637043942307692 0.2290578221153846 0.4644790576923077 0.23917144711538463 0.4685015096153846 0.24628914182692307
0 0.3539480625 0.28552564903846156 0.35647694471153846 0.2779907067307692 0.3487553076923077 0.27363024759615384 0.3352692235576923 0.2720439350961538 0.31856322596153847 0.2762408629807692 0.3255659543269231 0.27606231490384614 0.3304711466346154 0.28614211057692307 0.320064625 0.2961655144230769 0.3027434014423077 0.3017006514423077 0.2935194038461538 0.3087450336538462 0.28864552403846155 0.31975330288461534 0.2873749735576923 0.3273991346153846 0.29264353605769233 0.3423844423076923 0.2999338245192308 0.3440215 0.3125171225961539 0.3451304158653846 0.31675133413461537 0.3509738028846154 0.3183128822115385 0.3634443317307693 0.3394369711538462 0.3610291778846154 0.34362764903846155 0.3535412283653846 0.3394413653846154 0.3480004375 0.34147875 0.3451962163461539 0.34403551201923077 0.3404485841346154 0.34120340865384613 0.3356238894230769 0.3463805096153846 0.3369752572115384 0.35481322836538465 0.34060271153846156 0.3652231826923077 0.34888006490384615 0.3749944278846154 0.3426795793269231 0.3829400456730769 0.3380090096153846 0.39098151923076924 0.3339436442307692 0.39046654086538457 0.32285831009615384 0.38775034375 0.31615411057692305 0.37279417067307696 0.31573121153846156 0.35822141346153846 0.3177291177884615 0.3370371754807693 0.32759839423076925 0.3285286538461539 0.32088103125 0.33686991105769226 0.31087454567307693 0.3471805769230769 0.3002459399038461 0.3539480625 0.28552564903846156
0 0.541941375 0.2086013221153846 0.5447455985576923 0.21063870913461538 0.5409305096153847 0.21527544951923078 0.5488761274038462 0.21060487980769232 0.5405113870192307 0.20479531971153844 0.5332411442307692 0.20067355769230769 0.5242289086538462 0.2064436370192308 0.5274165456730769 0.21090182932692308 0.5205854783653846 0.21477548798076923 0.5221871250000001 0.22227659855769233 0.5357133100961539 0.21889349519230766 0.541941375 0.2086013221153846
0 0.5005280072115385 0.21609112980769232 0.5098155889423077 0.21989337740384615 0.5260144350961539 0.20988313461538463 0.5035483846153845 0.20382547115384617 0.4965055552884615 0.20897343509615382 0.5005280072115385 0.21609112980769232
0 0.46842969471153845 0.37378923076923076 0.4617825072115384 0.3736012764423077 0.45462377403846155 0.38062874759615384 0.46756261057692305 0.3813711610576923 0.46842969471153845 0.37378923076923076
0 0.40747383653846153 0.39368001201923075 0.4012824375 0.38070201442307694 0.3919425360576923 0.38962590625 0.39906899759615383 0.3928398677884615 0.40747383653846153 0.39368001201923075
0 0.6595441850961539 0.38446495192307695 0.6548585793269232 0.37838286298076923 0.6496971346153846 0.38757552884615387 0.6547104014423077 0.3905038028846154 0.6595441850961539 0.38446495192307695
0 0.3781784855769231 0.07292903365384615 0.37056835817307693 0.07971780528846154 0.37646436538461536 0.08560818269230769 0.38774923317307697 0.09157562500000001 0.39321046394230774 0.07644184134615385 0.391293375 0.06433781730769231 0.3781784855769231 0.07292903365384615
0 0.4265748317307692 0.5795613485576923 0.42764927884615384 0.5837338509615384 0.43191576201923076 0.5793358100961539 0.43081343509615383 0.5723759951923078 0.4258759711538461 0.5725376298076923 0.4265748317307692 0.5795613485576923
0 0.6762661370192308 0.9026280192307692 0.6738575552884616 0.8952547115384615 0.6659598653846154 0.9002278822115385 0.6699143413461539 0.9095276826923077 0.6762661370192308 0.9026280192307692
0 0.5212317620192308 0.6340520624999999 0.5161226370192308 0.6305185889423076 0.5108095841346154 0.6335314326923077 0.5228813365384615 0.6418557764423076 0.5212317620192308 0.6340520624999999
4 0.9110116778846155 0.6247393557692308 0.9218294951923076 0.6199240673076923 0.9269987668269231 0.6160034182692308 0.9288644951923076 0.6095040889423077 0.9224769927884615 0.6083444278846154 0.9151387740384614 0.6064047716346154 0.9046006923076924 0.6077636490384616 0.9020918605769231 0.6128138822115384 0.9023114471153846 0.6168115937499999 0.9031741370192308 0.6222584014423076 0.9110116778846155 0.6247393557692308
2 0.3669813894230769 0.4618214975961538 0.37222646875000004 0.4609907596153846 0.3715075600961538 0.45645175 0.36541201201923074 0.44407895432692307 0.3588127524038462 0.4441936009615385 0.3669813894230769 0.4618214975961538
0 0.9038535024038462 0.7440560697115385 0.904380701923077 0.7473846754807693 0.9152386177884615 0.7375999711538461 0.9178354735576922 0.7278829230769231 0.906881704326923 0.7370624278846154 0.9038535024038462 0.7440560697115385