2 0.20034770192307694 0.6304120769230769 0.19727836057692308 0.7001785432692308 0.20974804086538462 0.7235313365384616 0.2266362283653846 0.7305482572115385 0.24009974038461537 0.5928798725961538 0.22872725 0.5792161754807692 0.21657746634615385 0.5691391875 0.2080739735576923 0.5644458341346155 0.20034770192307694 0.6304120769230769
1 0.5333757692307692 0.5972611442307693 0.5485600625 0.5745311418269231 0.5519840528846154 0.5553273149038461 0.5531814110576924 0.5256480120192308 0.5468375408653846 0.5030460264423077 0.5320351538461539 0.4750568317307692 0.5152445625 0.4567282596153846 0.496674514423077 0.44904238461538465 0.47855928605769227 0.4525507475961538 0.47176650240384616 0.45228385576923075 0.46980290625 0.4629656947115385 0.46527407932692305 0.4824043605769231 0.46328246875 0.5047252139423077 0.4655795168269231 0.5309245673076923 0.4724350697115384 0.5568392788461538 0.4839798125 0.5776514855769231 0.5051328846153846 0.6029222067307692 0.5180268701923076 0.6029186947115385 0.5333757692307692 0.5972611442307693
4 0.49350463461538463 0.9294087740384616 0.49225215384615384 0.9235163197115385 0.4923005360576923 0.9101622307692309 0.4655859591346154 0.8768356274038461 0.44889122596153846 0.8906486658653846 0.46839294951923083 0.9498009735576923 0.49350463461538463 0.9294087740384616
3 0.22156837259615386 0.09009647355769232 0.22317640865384616 0.08770178365384615 0.22002908173076924 0.07742200721153845 0.21979148798076925 0.07268242548076922 0.21607985576923075 0.06970772115384614 0.21697253846153847 0.08115103365384616 0.22156837259615386 0.09009647355769232
3 0.31718834615384617 0.11801480048076923 0.31259758894230766 0.12720216826923078 0.31552768990384616 0.13102729086538462 0.3196313725961539 0.1195484110576923 0.3251597884615384 0.12111050240384615 0.32729563942307693 0.11757717307692307 0.31492098076923075 0.11096947115384616 0.3142132716346154 0.1148835360576923 0.31718834615384617 0.11801480048076923
3 0.3736325480769231 0.09472630528846154 0.3663526899038461 0.0921679014423077 0.35933503125 0.09537029567307692 0.36271571153846155 0.10765336298076923 0.36963577403846154 0.115762625 0.3736325480769231 0.09472630528846154
3 0.4425965528846154 0.03798325240384615 0.44748684134615385 0.043786764423076927 0.45003594471153846 0.03948130048076923 0.4441019206730769 0.02876740625 0.43983703846153843 0.010513603365384615 0.43968939182692307 0.004386307692307693 0.4347380024038462 0.003728016826923077 0.4425965528846154 0.03798325240384615
3 0.49459321875 0 0.4963066802884616 0.0036428413461538464 0.49615562980769234 0.010175776442307691 0.4930252620192308 0.010841156250000001 0.4872634903846154 0.0072757764423076925 0.48836067788461535 0.016964875 0.4966715528846154 0.016224793269230767 0.49790707211538465 0.011172091346153847 0.4996457932692308 0.003959538461538461 0.4986082259615384 0 0.49459321875 0
3 0.4838207980769231 0.05898771153846154 0.4859939735576923 0.06468446634615385 0.48563417548076926 0.07023532451923077 0.4826226057692308 0.07327049519230769 0.48514793509615384 0.08334033413461538 0.48827830048076926 0.08267495432692308 0.49358525000000003 0.07504610096153846 0.4936870889423077 0.06647073317307692 0.4915588870192308 0.06008012259615385 0.4860712043269231 0.05508788701923077 0.4838207980769231 0.05898771153846154
3 0.6160735024038462 0.02745504567307692 0.6135939831730769 0.03208786778846154 0.610718170673077 0.048437985576923075 0.6098594110576923 0.05888498317307692 0.61116534375 0.0695561610576923 0.6155320624999999 0.07923459855769231 0.6190841658653846 0.08326965865384615 0.6208763413461539 0.08083582692307692 0.6165138629807692 0.07389368028846154 0.6191529134615384 0.0682005 0.619807170673077 0.059507713942307694 0.6183866778846153 0.04920303605769231 0.6204359807692307 0.034397194711538466 0.6160735024038462 0.02745504567307692
3 0.8580366201923078 0.053007675480769234 0.8526023942307692 0.05279416105769231 0.8494847451923077 0.06166840625 0.8506676442307692 0.06723350480769232 0.8542808461538461 0.06612334615384616 0.8580366201923078 0.053007675480769234
3 0.8867637091346154 0.3746800865384615 0.8835264350961538 0.36578802644230773 0.875018701923077 0.3583583822115385 0.8723338413461538 0.3493489014423077 0.8707342836538461 0.35721617067307687 0.8684635120192308 0.3628310721153846 0.8665652572115385 0.3711039783653846 0.8662224182692307 0.3875999927884616 0.8704126442307693 0.3873936298076923 0.870052014423077 0.37754796875 0.8719341418269231 0.37372642548076923 0.873190860576923 0.38235516826923077 0.8756177596153846 0.38834014423076924 0.8868460120192307 0.38321631250000004 0.8867637091346154 0.3746800865384615
3 0.7697367932692308 0.4696954278846154 0.7704326153846155 0.47296901682692305 0.7789887307692307 0.4670445721153846 0.7697367932692308 0.4696954278846154
3 0.8390614278846154 0.42279803846153846 0.8436199326923077 0.4225133942307692 0.8465500336538461 0.42633851682692303 0.8484813774038462 0.4245594014423077 0.8439797307692308 0.4169625360576923 0.8391921129807692 0.4179801754807692 0.8390614278846154 0.42279803846153846
3 0.9222124110576922 0.5912526947115384 0.9167128413461539 0.5934481081730769 0.9141348918269231 0.5939960697115384 0.912559108173077 0.5874880360576923 0.9133771346153845 0.5804711850961538 0.9104758798076923 0.5804035673076923 0.9101941466346154 0.5917543605769231 0.9126702596153845 0.5997817668269231 0.9169385480769231 0.6053753413461538 0.9171345745192307 0.5981485504807693 0.9210914471153846 0.5959388966346154 0.9248522932692308 0.6009560336538462 0.92685321875 0.5995042764423076 0.9222124110576922 0.5912526947115384
3 0.9192899567307692 0.5775036298076923 0.9268396658653846 0.5758988894230769 0.9207791971153847 0.5727391490384616 0.9154595264423077 0.5721591346153846 0.9087974278846154 0.5670743798076923 0.9141993990384615 0.5761906201923077 0.9192899567307692 0.5775036298076923
3 0.33370994230769235 0.9880088966346154 0.3297327019230769 0.9919336249999999 0.32440879086538466 0.9886173221153847 0.32061568990384615 0.9925029110576923 0.3247244471153846 0.9991568389423077 0.3334731826923077 0.9986658341346154 0.33765493028846155 0.9929868942307691 0.3350965144230769 0.9764232620192307 0.3318719567307692 0.9757400673076924 0.33370994230769235 0.9880088966346154
3 0.34895163701923076 1 0.3528570168269231 0.9965985673076924 0.35367504326923077 0.9895817139423078 0.3501475480769231 0.9865678677884616 0.34882207932692305 0.9930082860576923 0.34096943509615385 0.992282375 0.33500760817307695 1 0.34035110336538466 1 0.3420131682692308 0.9971927524038461 0.3427021706730769 1 0.34895163701923076 1
3 0.4586529375 0.25115054807692305 0.4537176730769231 0.24604089423076925 0.4488401033653846 0.24844624759615386 0.4422721923076923 0.2447100673076923 0.4364001057692307 0.24424747596153845 0.43268082692307697 0.25119671153846157 0.42818766346153847 0.24907242307692307 0.4305000024038461 0.2554238942307692 0.4332663317307693 0.2575730841346154 0.435857 0.26523399278846155 0.4385087716346154 0.2677496802884615 0.44285853125 0.2664829591346154 0.44665587259615386 0.26533366346153847 0.4497251370192308 0.26981350000000004 0.4501061370192308 0.2779440889423077 0.4526883269230769 0.2801324182692308 0.4522784807692308 0.2682443245192308 0.4534809134615384 0.2566978293269231 0.4586529375 0.25115054807692305
3 0.5658576322115384 0.20680811057692308 0.5619907067307692 0.20763005288461536 0.5575756057692307 0.2113057019230769 0.5531520240384615 0.20950877163461537 0.5518918966346154 0.21354025721153846 0.5560863653846154 0.21607018509615386 0.5500097716346154 0.2173618028846154 0.5429098100961538 0.21202797115384617 0.5453901634615385 0.2227916658653846 0.5523509591346154 0.22747078124999998 0.55762565625 0.22874465144230768 0.5612592235576923 0.2259194206730769 0.5619830600961538 0.21755399519230767 0.5665330865384616 0.21179677403846153 0.5658576322115384 0.20680811057692308
3 0.5284307259615384 0.1846543533653846 0.5219535985576923 0.1949269783653846 0.5164905240384615 0.19095595913461538 0.5160815120192308 0.1944643846153846 0.51981775 0.19846030769230769 0.5252519783653846 0.19867381971153847 0.5320031947115385 0.18697434134615387 0.5322764519230769 0.17015096875 0.5291910600961539 0.17012249038461538 0.5284307259615384 0.1846543533653846
3 0.557449016826923 0.3673524615384615 0.5695657115384616 0.37093565625 0.5797010144230769 0.3588590144230769 0.5758536249999999 0.3425693605769231 0.5702437379807692 0.3478675673076923 0.5652354831730769 0.35509078125000004 0.5605174471153846 0.35643578125000003 0.557449016826923 0.3673524615384615
3 0.6032419903846153 0.3500915889423077 0.60496034375 0.3445941105769231 0.6040311682692308 0.33931723076923076 0.5986784086538461 0.3322434230769231 0.5886814350961539 0.3295782644230769 0.5912924735576923 0.33552409615384615 0.5991001418269231 0.33694386538461535 0.6023331778846154 0.34309963701923074 0.5999885865384615 0.3456508894230769 0.5941122572115385 0.34245200961538463 0.5923446850961539 0.34590705528846155 0.6032419903846153 0.3500915889423077
3 0.5816991418269231 0.6082029182692308 0.5891953966346154 0.6018194567307693 0.5958574951923077 0.6069042115384615 0.5959839399038461 0.5993500600961539 0.5869730048076923 0.5940802716346154 0.5793868028846154 0.6018514471153846 0.5816991418269231 0.6082029182692308
3 0.4639824591346154 0.5849813918269231 0.4679724206730769 0.5892655312499999 0.46386025480769233 0.5952718317307693 0.4681735192307693 0.6001715480769231 0.4689711802884616 0.5948697692307692 0.4685163557692308 0.5836755336538462 0.47187159855769234 0.5795408677884615 0.47253092548076925 0.5889808870192308 0.4742212668269231 0.5951224230769231 0.4758462644230769 0.603672889423077 0.4785514927884615 0.610967295673077 0.4816530120192307 0.6065444110576923 0.4795943918269231 0.6004811586538461 0.48024016586538465 0.5863157932692308 0.4770809519230769 0.5832236658653847 0.4759888365384616 0.591667375 0.47619675 0.5772529326923077 0.4711265600961539 0.5742248509615384 0.46593416826923073 0.581487204326923 0.4639824591346154 0.5849813918269231
3 0.16069423557692308 0.5235365360576923 0.16188561538461538 0.5345742115384615 0.1656871971153846 0.536161204326923 0.16945228365384615 0.5439146298076923 0.1721201826923077 0.5419789543269231 0.16511781971153847 0.5253334663461539 0.15880279807692307 0.5064889879807692 0.15401517788461538 0.5075066274038462 0.16069423557692308 0.5235365360576923
3 0.5176939591346155 0.878419235576923 0.5209643221153846 0.8938050913461539 0.5264189158653847 0.89230353125 0.5218638173076923 0.8799279447115385 0.5176939591346155 0.878419235576923