0 0.3402541466346154 0.7701787692307692 0.3507877427884616 0.7736706225961538 0.36470310096153846 0.7474992331730769 0.35913806009615384 0.7422445240384616 0.3521368918269231 0.7398167283653846 0.35030111778846157 0.7209467139423077 0.3346078677884616 0.7201167475961537 0.3263501105769231 0.7255655024038461 0.3243175817307692 0.7429868485576924 0.32282357692307695 0.7539451033653847 0.32928621875 0.7628359903846154 0.3402541466346154 0.7701787692307692
0 0.5086178533653846 0.7856064687500001 0.5028849158653846 0.7909654543269231 0.5052533966346154 0.7955407139423076 0.5112932668269231 0.7946320072115385 0.5186129254807692 0.7955614158653846 0.5182249158653847 0.7895278149038462 0.5086178533653846 0.7856064687500001
0 0.2914256730769231 0.801457829326923 0.28578537259615383 0.8024514663461539 0.2868277475961538 0.8073712860576923 0.2937999735576923 0.8138647548076924 0.29755244230769234 0.8099641081730768 0.29861793509615386 0.8029865913461538 0.2914256730769231 0.801457829326923
0 0.6295482403846153 0.7098286778846153 0.6398733653846154 0.7123365697115385 0.6361208197115384 0.6946252163461538 0.6295482403846153 0.7098286778846153
0 0.5781658557692307 0.7020391850961538 0.5877092187499999 0.7062602091346153 0.5894753942307692 0.6959862403846154 0.5781658557692307 0.7020391850961538
0 0.4848632067307692 0.6458739134615384 0.4812728966346154 0.6529411947115384 0.48378615625 0.6588000961538462 0.4903240528846154 0.6614426370192308 0.4945861081730769 0.6551445697115384 0.49466136538461536 0.6488962259615385 0.4848632067307692 0.6458739134615384
0 0.4689092644230769 0.6167989951923077 0.4656836875 0.59857321875 0.46002600721153847 0.597683860576923 0.4575591466346154 0.61125428125 0.45220839903846155 0.6148152019230769 0.4502569447115385 0.6338198677884616 0.46417238221153845 0.6292604735576923 0.4689092644230769 0.6167989951923077
0 0.4801204278846154 0.628891733173077 0.4837513173076923 0.6334221057692309 0.4894205576923077 0.6283627980769231 0.4801204278846154 0.628891733173077
0 0.46193751442307696 0.7399775072115384 0.4545715360576923 0.7412307740384616 0.4560771778846154 0.7459358485576922 0.4665123197115385 0.7459613846153845 0.4729054399038462 0.7473202860576923 0.4678673653846154 0.7415511514423077 0.46193751442307696 0.7399775072115384
0 0.406234875 0.6601694375 0.39791916346153844 0.6521375360576923 0.3926958125 0.6550991009615384 0.3927942692307692 0.6585654158653846 0.406234875 0.6601694375
0 0.40690654086538464 0.6393266586538461 0.4040747908653846 0.6349661442307692 0.3965524759615385 0.6408844399038462 0.4057425889423077 0.6428378581730769 0.40690654086538464 0.6393266586538461
0 0.5676490048076923 0.5275343581730769 0.5596576009615385 0.525835733173077 0.5567679735576923 0.5296065624999999 0.56028884375 0.5366192908653846 0.5664908725961538 0.5388772211538462 0.5770649711538461 0.5323547379807693 0.5732893028846153 0.52654071875 0.5676490048076923 0.5275343581730769
0 0.5635840216346154 0.5839890480769231 0.5592003100961539 0.5771061370192307 0.5513131850961538 0.5867054903846154 0.5544634278846154 0.5895676153846154 0.5635840216346154 0.5839890480769231
0 0.5253640096153845 0.5044516346153846 0.5173321105769231 0.5127673485576923 0.5227408149038462 0.5226870841346154 0.5365172932692308 0.5246757139423077 0.5417406442307692 0.5217141490384616 0.5370210600961538 0.5144466298076923 0.5253640096153845 0.5044516346153846
0 0.5615154663461538 0.2518524591346154 0.5549196899038461 0.2573412596153846 0.5581046899038461 0.2639693798076923 0.5682560985576923 0.26925929567307694 0.5657081610576923 0.28124640144230767 0.5675554951923076 0.29416774759615383 0.5641273413461538 0.30440166826923076 0.5943789086538461 0.327119125 0.6025382067307692 0.31820405769230764 0.6058911057692308 0.31421848076923076 0.6163436250000001 0.31612701682692307 0.6233389711538462 0.31072314663461537 0.6147163269230769 0.2982409663461538 0.6136102548076923 0.2936208221153846 0.6260548052884616 0.28812235096153843 0.6373238461538461 0.2920837451923077 0.6383256418269231 0.28540590625 0.6437342692307693 0.2737136442307692 0.6399759831730769 0.269782625 0.6359744615384616 0.26110164903846156 0.6312433197115385 0.25978279567307694 0.6179359278846154 0.2654110841346154 0.6284116466346154 0.27703428125 0.6287822788461538 0.2811848822115385 0.6167545985576923 0.2670392860576923 0.6047963557692307 0.23881368269230768 0.5976214735576924 0.23916791826923076 0.57413365625 0.22195995913461536 0.5648624663461539 0.21842322115384613 0.563212125 0.23404650240384614 0.5603109374999999 0.24376600240384613 0.5615154663461538 0.2518524591346154
0 0.4405095024038461 0.2474306105769231 0.4455706995192308 0.24130240625 0.4399245793269231 0.2344643798076923 0.42790271875 0.22815044951923077 0.41080228125 0.22608172596153847 0.41740387740384616 0.22842458894230772 0.41837099278846157 0.23959275240384617 0.4050636009615385 0.24522104326923078 0.3869092307692308 0.2441811658653846 0.3757734086538462 0.2474520793269231 0.3672782379807692 0.25598254086538463 0.3633520552884616 0.2626652139423077 0.36290042548076923 0.2785432908653846 0.3691198293269231 0.28268421875 0.38046994951923074 0.2882289326923077 0.38232884375 0.29520161057692307 0.3793176370192307 0.3074034591346154 0.3999041875 0.31271891826923076 0.4064999639423077 0.30723011778846154 0.4045773725961539 0.3005571153846154 0.40748437980769225 0.29866928125 0.41157271874999996 0.29515324759615386 0.4106577403846154 0.2896340721153846 0.41500669471153845 0.2927509903846154 0.4215793509615385 0.2991595264423077 0.4283315432692308 0.31061769471153844 0.43967584134615384 0.30833074278846156 0.4487674975961538 0.30681784615384616 0.45773175480769235 0.3059043052884615 0.46122361057692307 0.2953707043269231 0.4610903918269231 0.2881383966346154 0.44727915384615385 0.28238377403846154 0.43295832932692313 0.2790265721153846 0.4096443076923077 0.28064858173076923 0.40410820432692307 0.27132820192307694 0.4154814447115385 0.26497558173076924 0.42891623076923074 0.25874793509615385 0.4405095024038461 0.2474306105769231
0 0.64358359375 0.24298634134615385 0.6454714254807693 0.24589335096153847 0.6402480745192308 0.2488549158653846 0.6493397307692308 0.2473420192307692 0.6436125336538462 0.2389206706730769 0.6383022860576923 0.23246725480769231 0.627820826923077 0.23462438942307692 0.6291990697115384 0.2399288173076923 0.6214335240384615 0.24109715384615382 0.6202406322115385 0.24867402403846153 0.6340808076923078 0.25036297596153845 0.64358359375 0.24298634134615385
0 0.6022367764423077 0.23513745673076925 0.6095448774038462 0.24201553365384615 0.6282551538461539 0.2384753125 0.6094521586538462 0.2247688846153846 0.60103225 0.22705099759615385 0.6022367764423077 0.23513745673076925
0 0.5157564759615385 0.3708583100961539 0.5096181490384615 0.3683006995192307 0.5004164759615384 0.37229594951923073 0.5122298629807692 0.37762591826923075 0.5157564759615385 0.3708583100961539
0 0.4517210625 0.3675833293269231 0.4505917884615384 0.3532485264423077 0.43867420673076923 0.3582325745192308 0.44417554807692305 0.3637869615384615 0.4517210625 0.3675833293269231
0 0.6903513846153846 0.4493142620192308 0.6881566225961537 0.44195697355769237 0.680043641826923 0.4486893701923077 0.6836745312500001 0.45321974278846155 0.6903513846153846 0.4493142620192308
0 0.5393183653846154 0.05763797836538461 0.5297808221153846 0.06124861778846154 0.533174295673077 0.06886069951923077 0.5415710865384615 0.07847592067307693 0.552093048076923 0.06630444711538462 0.5546409855769231 0.054317343750000004 0.5393183653846154 0.05763797836538461
0 0.40293946153846155 0.5479636899038461 0.40244725480769233 0.5522441057692308 0.40800647596153844 0.5496671514423077 0.4094715408653846 0.5427745673076922 0.40480409615384616 0.5411560360576924 0.40293946153846155 0.5479636899038461
0 0.5202696394230769 0.9390537716346153 0.5206633894230769 0.9313070384615384 0.5115080360576922 0.9331196129807692 0.5118671081730769 0.9432188822115385 0.5202696394230769 0.9390537716346153
0 0.47178159375 0.6327571634615385 0.46827810096153843 0.6276274374999999 0.46223823076923076 0.6285361394230768 0.4705250048076923 0.6406337139423077 0.47178159375 0.6327571634615385
4 0.8390098701923077 0.7637476346153846 0.8508348173076924 0.7631289326923076 0.8570657836538461 0.7613211947115384 0.8611367427884615 0.7559221634615384 0.8555890817307692 0.7525504519230769 0.849433375 0.7481098437499999 0.83910825 0.7456019543269231 0.8349562115384616 0.7494176682692307 0.8337285600961538 0.753228545673077 0.8325819903846153 0.7586227403846154 0.8390098701923077 0.7637476346153846
2 0.3894983798076923 0.4166876923076923 0.3946927932692308 0.41779179807692307 0.3956482692307692 0.41329663461538463 0.3943915985576923 0.39956118509615385 0.38818957451923075 0.3973032524038462 0.3894983798076923 0.4166876923076923
0 0.7895678509615384 0.8725741225961539 0.788867170673077 0.8758705745192308 0.8025104302884615 0.8706268966346153 0.8084170841346154 0.8624858798076923 0.79490121875 0.867130204326923 0.7895678509615384 0.8725741225961539