2 0.5460071586538462 0.0496471875 0.5735184639423078 0.05779831009615385 0.5839505264423077 0.058622336538461536 0.6120072139423077 0.06052320913461539 0.6107836394230769 0.05167633413461538 0.5874993774038462 0.051124682692307695 0.5769804903846154 0.05079306009615384 0.5502641081730769 0.047605379807692305 0.5460071586538462 0.0496471875
1 0.545391264423077 0.46357879086538467 0.4926096802884615 0.4535104038461538 0.4785718533653846 0.45103515625 0.46019025 0.4510941201923077 0.4548669735576923 0.46234060096153845 0.468750125 0.46885028125 0.4987873629807692 0.4784622211538462 0.5215506826923076 0.4819682956730769 0.5442082043269231 0.4829171466346154 0.5637374903846154 0.4795065576923077 0.5647793798076923 0.47359771153846153 0.5561217427884615 0.46902485576923075 0.545391264423077 0.46357879086538467
2 0.5386678653846154 0.49539463942307693 0.537558125 0.5048455144230769 0.5457871105769231 0.5055349350961539 0.5475670024038461 0.49544065625000006 0.5386678653846154 0.49539463942307693
2 0.6683700336538462 0.5017639471153846 0.649684545673077 0.5035463245192308 0.6565487860576924 0.5088183822115384 0.6737447596153847 0.5060117932692307 0.6683700336538462 0.5017639471153846
2 0.25786462499999996 0.5250847259615384 0.24880534375 0.53541859375 0.2588466971153846 0.5384584375 0.2638037067307692 0.5261319471153846 0.25786462499999996 0.5250847259615384
2 0.36753519951923075 0.5913860889423077 0.34044708173076926 0.5934638533653847 0.3451950673076923 0.5981089014423077 0.37066343749999997 0.59574553125 0.36753519951923075 0.5913860889423077
2 0.3480248870192308 0.5978463028846154 0.3480438581730769 0.6008959278846153 0.3681320336538461 0.6006301658653845 0.3611809711538462 0.5958505144230769 0.3480248870192308 0.5978463028846154
2 0.14483649038461538 0.6704154975961539 0.1907972451923077 0.674965625 0.19643791105769232 0.6713908076923077 0.1461578221153846 0.6660790649038462 0.14483649038461538 0.6704154975961539
2 0.18949778605769232 0.65392025 0.17892455048076925 0.6665257331730768 0.19449530528846154 0.6697789903846154 0.2022821346153846 0.6571899038461539 0.18949778605769232 0.65392025
2 0.06541954567307692 0.7135298942307693 0.0696600889423077 0.7305244423076923 0.08503822596153847 0.7317128822115385 0.07781865624999999 0.7126699134615385 0.06541954567307692 0.7135298942307693
2 0.26113684375 0.9138085288461538 0.29512167548076923 0.9294475240384615 0.30408866346153846 0.9259515144230769 0.2670813918269231 0.9085102980769231 0.26113684375 0.9138085288461538
2 0.6040870673076923 0.9547329447115385 0.5977328365384615 0.9591973677884614 0.625238673076923 0.9736939423076922 0.6283344302884615 0.9656086826923077 0.6040870673076923 0.9547329447115385
2 0.24298299278846153 0.5242376899038461 0.23781439423076925 0.5314497403846153 0.24424997836538462 0.5328383629807693 0.25129880288461537 0.5244347091346154 0.24298299278846153 0.5242376899038461
2 0.5833346298076922 0.47255393990384614 0.5717738533653847 0.47813116105769227 0.5767823125 0.48129899759615385 0.588516733173077 0.47473696634615387 0.5833346298076922 0.47255393990384614
2 0.6450510600961539 0.4161641971153846 0.639149920673077 0.42121622836538464 0.6472486682692308 0.4226442548076923 0.6508164927884615 0.41819622596153844 0.6450510600961539 0.4161641971153846
4 0.7033994134615384 0.10735477403846153 0.7062482043269231 0.11014180288461538 0.7172635961538462 0.11081482932692308 0.7143713942307692 0.10827400480769231 0.7033994134615384 0.10735477403846153
4 0.4878458653846154 0.7930921850961539 0.4689976682692307 0.7831684663461539 0.4624942283653847 0.7853218725961538 0.46054615625 0.7900555072115385 0.46839793509615385 0.8023558245192308 0.47809199278846154 0.8073652836538462 0.4724513269230769 0.8109401009615385 0.4846089350961539 0.8146069567307692 0.4912181706730769 0.8150107716346154 0.4906023653846154 0.8027170697115384 0.49209734615384615 0.797395829326923 0.4878458653846154 0.7930921850961539
4 0.04787661057692308 0.6677886850961539 0.06853461057692307 0.65797684375 0.06340138461538461 0.6492021634615385 0.052174401442307686 0.6434146923076922 0.04634111538461538 0.6449246923076923 0.03158972115384615 0.6433390504807692 0.02765562980769231 0.6467070697115385 0.04787661057692308 0.6677886850961539
4 0.16479152644230768 0.6993197740384616 0.19273695192307694 0.7050088774038462 0.22915832932692307 0.7005151129807692 0.2222317043269231 0.6924396322115385 0.16479152644230768 0.6993197740384616