1 0.5088852211538462 0.5005661225961539 0.5089900600961539 0.4911630817307693 0.5066135336538461 0.48206471394230765 0.50883709375 0.47350625 0.5042939375000001 0.45086484134615384 0.4990065865384615 0.44267624038461534 0.4904363149038462 0.44262381009615387 0.48983520192307695 0.45208778605769234 0.48847056009615386 0.4594360625 0.4900932259615385 0.4747029831730769 0.4917253413461538 0.48389275240384616 0.5040279807692307 0.5348566466346154 0.5092485168269231 0.5425010889423076 0.5155187451923077 0.5422835649038462 0.5193073894230769 0.5280093076923077 0.5178278052884615 0.5077535504807693 0.5088852211538462 0.5005661225961539
1 0.4959528990384615 0.46293624759615387 0.49817667548076927 0.46873919471153846 0.5005244110576923 0.4673462043269231 0.5020798293269231 0.4533461490384615 0.4968115985576923 0.44736465384615387 0.4959528990384615 0.46293624759615387
2 0.5897120024038461 0.5618966466346154 0.581532733173077 0.5424635096153846 0.5778775 0.5434646778846154 0.5746805144230769 0.5543521129807693 0.5735068629807692 0.5694100168269232 0.5682865432692308 0.5761269831730769 0.5687065504807692 0.5815990408653846 0.5783363990384616 0.5964351658653846 0.591535326923077 0.5931574519230769 0.5922509471153846 0.5825746923076923 0.5869444759615384 0.572178985576923 0.5897120024038461 0.5618966466346154
2 0.5453443413461538 0.637494389423077 0.5464986538461538 0.6058679759615384 0.5428719927884615 0.6029990961538462 0.5418990024038461 0.6340508846153846 0.5453443413461538 0.637494389423077
2 0.5164438269230769 0.49853331490384617 0.5165677860576923 0.49133737740384614 0.5111945 0.48039751442307693 0.5087894014423078 0.4751691947115385 0.5072911298076923 0.48142914903846157 0.5164438269230769 0.49853331490384617
2 0.5098012860576924 0.4916158365384616 0.5100590889423077 0.499869625 0.5171979038461538 0.5067261682692308 0.5166251490384616 0.4979586875 0.5098012860576924 0.4916158365384616
2 0.5194124471153846 0.532967673076923 0.5224568990384616 0.5331462235576923 0.520003889423077 0.5152194423076923 0.5194124471153846 0.532967673076923
2 0.4506476658653846 0.3873016923076923 0.45304309615384614 0.3842457572115385 0.4492731370192308 0.3720043028846154 0.44542691346153845 0.36529584375 0.4429837884615385 0.3700147235576923 0.4506476658653846 0.3873016923076923
2 0.48121615384615385 0.3818912668269231 0.4753468125 0.3853737451923077 0.4733713894230769 0.3939017379807692 0.4827623365384615 0.38832977403846153 0.48121615384615385 0.3818912668269231
2 0.4629109783653846 0.3620443461538461 0.4624149230769231 0.3764666875 0.4683321754807693 0.38568267067307693 0.471243 0.38477290384615387 0.47402986298076927 0.3910590745192308 0.47617693990384613 0.37367219951923075 0.46657566586538457 0.3549660264423077 0.4629109783653846 0.3620443461538461
2 0.4664027091346154 0.2776564615384615 0.4562671370192308 0.2689584230769231 0.45733660096153844 0.30638778365384617 0.46584005528846156 0.3058960528846154 0.4664027091346154 0.2776564615384615
2 0.42247265625 0.26040351923076926 0.4125089543269231 0.2572080048076923 0.41208916346153845 0.26609735336538465 0.42342717788461537 0.2702288485576923 0.42247265625 0.26040351923076926
2 0.4290488173076923 0.29549965144230766 0.42228253365384616 0.31013951923076927 0.424573125 0.31648662499999997 0.43216975240384614 0.30450661778846155 0.4290488173076923 0.29549965144230766
2 0.34664598076923075 0.1454322235576923 0.33877264182692307 0.1613127451923077 0.34167401442307693 0.1664801298076923 0.3492992163461538 0.15063007692307692 0.34664598076923075 0.1454322235576923
2 0.31018794471153843 0.08031098798076923 0.30024336298076926 0.07932257932692308 0.30094974759615384 0.08917837740384615 0.31208731971153847 0.09167739663461538 0.31018794471153843 0.08031098798076923
2 0.4009219350961538 0.19566134615384617 0.3919408918269231 0.16969830288461538 0.38986041346153844 0.17326793028846155 0.39940454326923075 0.19971419951923078 0.4009219350961538 0.19566134615384617
3 0.36170560817307695 0.12038389423076924 0.3443833100961538 0.09213084855769231 0.32818740625 0.0792056610576923 0.3191494326923077 0.07534411778846153 0.3057784158653846 0.058757896634615385 0.30234274759615387 0.06359864903846155 0.3154179326923077 0.08187827884615384 0.32710935817307696 0.10529908173076923 0.35720134374999996 0.14524091586538462 0.3975434110576923 0.192762 0.40388023557692304 0.17872722836538463 0.36170560817307695 0.12038389423076924