1 0.4868497932692308 0.33001960096153843 0.4963796057692308 0.32211551923076925 0.4936932403846154 0.3068402451923077 0.48945005769230765 0.29215146634615385 0.4669763774038461 0.2892608413461538 0.4154809591346154 0.31068552163461544 0.4200499759615385 0.31635956009615385 0.41749161298076926 0.3227818149038461 0.4266841442307693 0.3422970360576923 0.4400578004807692 0.34456607932692307 0.4868497932692308 0.33001960096153843
2 0.5482070528846154 0.36553889182692306 0.5752282211538462 0.36081770673076924 0.5733760216346154 0.35737762740384615 0.5459745240384616 0.36294640865384614 0.5482070528846154 0.36553889182692306
2 0.3456700985576923 0.3487825264423077 0.36909082211538463 0.3376702548076923 0.3622563028846154 0.33452244230769235 0.3409286610576923 0.34493423076923074 0.3456700985576923 0.3487825264423077
2 0.4657227115384615 0.20952916346153844 0.5001641225961538 0.20016373557692307 0.49751576682692306 0.19561495673076923 0.46457919711538465 0.20414935336538462 0.4657227115384615 0.20952916346153844
3 0.5403036778846154 0.4285592427884615 0.5330368509615384 0.42601449278846154 0.5250448533653846 0.4279688293269231 0.5304265096153846 0.43219220913461537 0.5403036778846154 0.4285592427884615
1 0.6421583533653846 0.5122104447115384 0.6473295793269231 0.5075330745192308 0.6413431923076923 0.5057384975961539 0.6320187740384615 0.5066981225961539 0.6266396370192309 0.5103973461538461 0.6277996370192308 0.5132178028846154 0.6357231730769232 0.5135782836538462 0.6421583533653846 0.5122104447115384
2 0.6388998100961539 0.7104703894230769 0.6356137572115385 0.7134691274038462 0.6472911490384615 0.713031701923077 0.6388998100961539 0.7104703894230769
2 0.51288128125 0.09650448557692307 0.5127912908653847 0.08553345192307692 0.5017706057692307 0.08378660817307693 0.5049932355769231 0.0989478966346154 0.51288128125 0.09650448557692307
2 0 0.2323751610576923 0.0016557499999999999 0.23072734134615386 0.009401824519230769 0.21706836057692308 0 0.21626080769230768 0 0.2323751610576923
2 0.15109258653846153 0.1189654110576923 0.13681629807692308 0.10717599038461538 0.12832352644230768 0.11204820673076923 0.13756551682692308 0.12388535817307693 0.15109258653846153 0.1189654110576923
2 0.7868095432692308 0.31201093028846155 0.8130510432692308 0.30362168990384614 0.8128076394230769 0.2998396514423077 0.7862022932692307 0.3065171322115385 0.7868095432692308 0.31201093028846155
4 0.6877660913461539 0.5817476153846154 0.6984913942307693 0.5794678822115384 0.6939908413461539 0.5714790240384615 0.6833694927884615 0.5742478317307692 0.6877660913461539 0.5817476153846154
2 0.3723103076923077 0.669246625 0.3822204471153846 0.6604949447115385 0.3775664807692308 0.6596950793269231 0.36857293750000003 0.6674851754807692 0.3723103076923077 0.669246625
4 0.08509238942307693 0.2804668149038462 0.08296129567307692 0.27044080288461536 0.06419201682692308 0.27443033653846155 0.06931630288461538 0.2853536370192308 0.08509238942307693 0.2804668149038462