3 0.5754702548076923 0.7628771418269231 0.5853651586538462 0.7811833173076923 0.5925544543269231 0.772154983173077 0.5919613149038462 0.7551697235576923 0.5892354615384615 0.7344188798076924 0.5860290432692308 0.7142333966346153 0.5712081586538461 0.7339512475961538 0.5637105024038461 0.7484761466346155 0.5710900216346154 0.7520585048076923 0.5754702548076923 0.7628771418269231
2 0.5935040048076923 0.598770610576923 0.5932777403846153 0.5708009423076923 0.589510889423077 0.5703839038461539 0.5899678701923077 0.5977969350961538 0.5935040048076923 0.598770610576923
2 0.6293120985576923 0.5783198701923077 0.6404404423076924 0.57463978125 0.6399812403846153 0.5614899014423077 0.6288911610576923 0.5662658149038461 0.6293120985576923 0.5783198701923077
2 0.6030513942307693 0.7503938100961538 0.610412891826923 0.7462966826923078 0.6101067548076923 0.7375300961538461 0.6015342860576923 0.742766673076923 0.6030513942307693 0.7503938100961538
2 0.6749056298076923 0.41544525 0.6645875649038462 0.39934817307692305 0.6559790528846154 0.38922576923076924 0.6545745216346154 0.39914925240384613 0.6620497067307693 0.40547117307692304 0.672251860576923 0.42541235817307693 0.6749056298076923 0.41544525
2 0.679149704326923 0.43669165624999995 0.6903748293269231 0.4286195480769231 0.6892043485576923 0.4165916658653846 0.676863920673077 0.4285427788461539 0.679149704326923 0.43669165624999995
2 0.671680079326923 0.39471185576923074 0.6705512043269231 0.36238506971153844 0.6653044014423077 0.36256829326923073 0.6669903725961538 0.3965213653846154 0.671680079326923 0.39471185576923074
2 0.7895608076923076 0.32476579567307695 0.8030345625 0.3166151658653846 0.8033823028846154 0.3050828461538461 0.7891972716346154 0.31435547596153846 0.7895608076923076 0.32476579567307695
2 0.7968984951923077 0.22686235576923078 0.8063915961538461 0.23366238461538463 0.8087763846153847 0.22315609134615383 0.7968230745192308 0.21753913221153848 0.7968984951923077 0.22686235576923078
2 0.5718680336538461 0.3230419375 0.5737564615384616 0.29115836538461537 0.5684713942307693 0.2902457644230769 0.5677556682692309 0.3198940673076923 0.5718680336538461 0.3230419375
2 0.5633078125 0.8658862860576922 0.5577110456730769 0.8918649783653846 0.561361983173077 0.8961261225961539 0.5666121201923077 0.8745481730769231 0.5633078125 0.8658862860576922