3 0.22799732211538462 0.3986419206730769 0.22390021875000002 0.3980723125 0.22250287980769232 0.4006611971153846 0.25047438701923075 0.5293592932692308 0.2546440264423077 0.5203107884615384 0.22799732211538462 0.3986419206730769
3 0.12234184134615383 0.5989138004807693 0.12645572596153845 0.6004448028846153 0.12368251442307693 0.5379836874999999 0.11964116586538462 0.5268345721153846 0.12308416826923077 0.5174781850961538 0.12090370913461539 0.47520210817307695 0.11587318269230769 0.47625160096153846 0.12234184134615383 0.5989138004807693
3 0.20589958653846155 0.6339993221153846 0.2045747860576923 0.6269700913461538 0.14074253846153845 0.6062860961538461 0.10106815625 0.5922327788461538 0.058565533653846154 0.5814344471153846 0.057950769230769236 0.5875358461538461 0.09974912980769231 0.5993081586538461 0.20589958653846155 0.6339993221153846
3 0.4875991346153846 0.2440877043269231 0.4581871778846154 0.23947210576923078 0.4575668197115385 0.24525304326923078 0.46069693749999996 0.24551897115384616 0.5930675216346154 0.26725055528846153 0.6207636610576923 0.2837568846153846 0.6243353197115386 0.28177117067307694 0.6245085408653845 0.27792140625 0.59343634375 0.2608328846153846 0.5780093221153846 0.2585376706730769 0.5630685889423077 0.25655453125 0.5172514375 0.24869910817307692 0.4875991346153846 0.2440877043269231
3 0.3684980817307692 0.6519976634615384 0.4475215024038462 0.5925966442307693 0.441904 0.5875657139423077 0.36810110817307695 0.6430288653846153 0.3595324855769231 0.6479868557692308 0.32533035096153845 0.6444165552884615 0.3240448870192308 0.6534147187499999 0.3611311995192308 0.6569346778846155 0.3684980817307692 0.6519976634615384
3 0.23030088942307694 0.8749563149038462 0.2614228870192308 0.8535765697115385 0.29470801682692305 0.8321590697115385 0.32273905048076923 0.8127566490384616 0.33699212019230773 0.8028910120192307 0.3247399639423077 0.8034254350961538 0.31239849278846155 0.8126165841346153 0.2814776875 0.8317488822115385 0.2627083509615385 0.84457840625 0.22799791586538462 0.8669824711538462 0.22713721153846153 0.8727676057692307 0.23030088942307694 0.8749563149038462
3 0.751828951923077 0.50618284375 0.7514880985576924 0.5142028341346154 0.7769049134615386 0.6205062091346154 0.7795990841346154 0.623344235576923 0.782718014423077 0.622969235576923 0.7853003125 0.6193979807692307 0.7767535192307692 0.5842853870192308 0.7607779471153846 0.52301640625 0.7588885432692307 0.5111886033653846 0.751828951923077 0.50618284375
3 0.5283177692307692 0.6072144230769231 0.6059886033653846 0.5529660024038462 0.6233158533653846 0.5401616514423077 0.6205489639423077 0.5331575913461538 0.5932333774038462 0.5522269615384615 0.5250310288461538 0.5979755048076923 0.5246342379807692 0.6027908557692307 0.5283177692307692 0.6072144230769231
3 0.24697890384615384 0.7974098437499999 0.30702115625 0.7937973076923076 0.3054727860576923 0.7877336634615385 0.24758807451923076 0.7909879759615385 0.24697890384615384 0.7974098437499999
3 0.5331725745192307 0.844024735576923 0.4928437235576923 0.7924771322115384 0.48540412499999996 0.7932481153846154 0.5299139831730769 0.8501722884615385 0.5330161322115384 0.848835891826923 0.5331725745192307 0.844024735576923
3 0.6365850192307693 0.9422348990384616 0.641000783653846 0.9472868100961538 0.6464335120192307 0.92795828125 0.6571257475961538 0.8931509903846154 0.6636986850961539 0.8702763822115384 0.6681700216346154 0.8509646370192308 0.6595568317307693 0.8671430625000001 0.6463438317307693 0.9090467091346154 0.6365850192307693 0.9422348990384616
3 0.5284352379807692 0.6139441682692308 0.5155796899038462 0.6350050697115385 0.5168653365384616 0.6397910528846154 0.5206941225961539 0.6387625360576923 0.53098975 0.6225547427884616 0.5339688365384615 0.6141681394230769 0.537752326923077 0.56922346875 0.5342420192307692 0.5609501394230769 0.5284352379807692 0.6139441682692308
3 0.7698233100961538 0.6417868870192307 0.8318275024038461 0.6403840384615385 0.8314752788461538 0.6339789543269231 0.7701809447115384 0.6347282884615384 0.7698233100961538 0.6417868870192307
3 0.6602134326923077 0.6430590120192308 0.6763335312500001 0.6437393197115384 0.6733430745192308 0.6377008461538461 0.6584191225961539 0.6366790985576922 0.6602134326923077 0.6430590120192308
3 0.7996163677884615 0.7233306298076924 0.8040377235576923 0.728703 0.8808137451923077 0.6369644879807693 0.8751850528846153 0.6312926274038462 0.7996163677884615 0.7233306298076924
3 0.8665373918269231 0.57662753125 0.8408315240384615 0.5915015024038461 0.8106093894230769 0.6093393605769231 0.8126496394230769 0.6160355432692307 0.8150475264423077 0.6156731274038462 0.8707351802884615 0.5829654927884615 0.8665373918269231 0.57662753125
3 0.6503525120192308 0.9415221802884616 0.6502234783653846 0.9403576033653847 0.6511347307692308 0.9403022019230769 0.6510891971153847 0.9392423822115384 0.6519169495192307 0.9390822235576923 0.6521293269230769 0.9374757091346153 0.652820639423077 0.9370119423076922 0.6523417067307692 0.9358691947115385 0.6525540865384615 0.9342626778846154 0.653686360576923 0.9358967211538461 0.6580149663461538 0.9303206177884615 0.6741794495192307 0.9059963437499999 0.6688414495192307 0.9032044639423076 0.6534036033653846 0.9278366177884615 0.6531912259615384 0.9294431322115385 0.6526064543269231 0.9290640865384615 0.62869190625 0.9658881610576924 0.6294461730769231 0.9671228942307692 0.6278947572115385 0.9671156298076924 0.6285804519230769 0.9682381153846153 0.6270976057692308 0.9683430961538462 0.6277147283653846 0.9693533365384616 0.6263004543269232 0.9695705673076923 0.6268490096153846 0.9704685576923077 0.6255033004807693 0.9707980360576923 0.6259832884615384 0.9715837764423078 0.6247061490384614 0.9720255048076923 0.6251175673076923 0.9726989975961539 0.6239089975961538 0.9732529759615385 0.6242518461538461 0.9738142187500001 0.6231118485576924 0.9744804447115385 0.6233861249999999 0.9749294399038462 0.6223146971153847 0.9757079134615385 0.6225204062499999 0.9760446586538462 0.6215175432692307 0.9769353822115385 0.6216546850961537 0.9771598798076924 0.6199232403846153 0.9793903221153847 0.622192653846154 0.9854413798076924 0.6480058557692308 0.9451821129807693 0.6476263125 0.943703264423077 0.6487880745192308 0.9439621370192307 0.6484920336538462 0.9425880456730769 0.6495702932692308 0.9427421586538463 0.6493577572115385 0.9414728245192308 0.6503525120192308 0.9415221802884616
3 0.59465709375 0.8541711778846154 0.5936006081730769 0.8487400721153846 0.5905040528846154 0.8503969302884615 0.5870837908653846 0.88860346875 0.5914659927884616 0.8917325913461538 0.59465709375 0.8541711778846154
3 0.6498324927884614 0.9711747740384615 0.6544102908653847 0.9717359903846153 0.6614574230769231 0.8796117908653845 0.6550800817307691 0.8999184927884615 0.6498324927884614 0.9711747740384615
3 0.6593274879807692 0.8540040384615384 0.6583998413461539 0.8697277499999999 0.6630557716346155 0.8609913149038462 0.6636705336538462 0.8548899134615385 0.6593274879807692 0.8540040384615384
3 0.5652698317307693 0.6030432451923077 0.5938486875 0.5874780024038462 0.5777733389423078 0.58936140625 0.5661137548076923 0.59629671875 0.5652698317307693 0.6030432451923077
3 0.2896437451923077 0.8175016298076923 0.3101962043269231 0.8104110913461539 0.30841308173076926 0.8046721057692309 0.29026410096153843 0.8117206923076924 0.2896437451923077 0.8175016298076923
3 0.4387464591346154 0.6270499110576923 0.44025639903846153 0.6860068966346154 0.4429226033653846 0.6872426057692308 0.44276597836538467 0.6782696105769231 0.4397865264423077 0.6590879206730769 0.4405857019230769 0.6497776826923077 0.44323493990384616 0.6362678533653846 0.44335222596153845 0.6292134471153846 0.4387464591346154 0.6270499110576923
3 0.7668079783653846 0.8684766033653847 0.7832857091346154 0.8620983125 0.7819720961538461 0.8557100072115384 0.765231641826923 0.8608106370192308 0.7668079783653846 0.8684766033653847
3 0.21908734855769232 0.7972555673076923 0.22254171875 0.8023242572115384 0.23270346153846155 0.8059936225961538 0.24578293990384617 0.8115354278846154 0.26517281490384614 0.8067091153846154 0.27749191346153845 0.7962361129807692 0.24697331009615386 0.7970893774038461 0.2480463942307692 0.7896977307692308 0.28046540625 0.7875290456730769 0.2853838774038462 0.766286125 0.25803454807692305 0.7696485625 0.24820265625000001 0.7711024254807692 0.23330667307692307 0.771683 0.20140191826923076 0.7757660745192307 0.20322979086538462 0.7840687740384615 0.20880813942307694 0.7868564567307692 0.21908734855769232 0.7972555673076923
3 0.4505919086538462 0.7271789399038462 0.4499603653846154 0.7323189519230768 0.4467129615384616 0.7391074302884615 0.4426494206730769 0.7404606057692308 0.4371661658653846 0.7431208100961538 0.4338404495192308 0.7454227908653847 0.4324542980769231 0.7486526033653846 0.42958131009615386 0.749343875 0.42965962259615387 0.7538303725961538 0.4260711826923077 0.7548546923076922 0.4344891394230769 0.76881246875 0.44476834855769226 0.779211576923077 0.45448854807692307 0.7851325841346154 0.4665730745192308 0.7887683870192308 0.47736635817307693 0.7872977427884614 0.4762205552884616 0.7905233605769231 0.4796413653846154 0.7936692644230768 0.48251435336538456 0.7929779927884616 0.4933244206730769 0.7924687427884615 0.4976059350961538 0.7898295144230769 0.4996460048076923 0.782741548076923 0.49668911057692305 0.7786258605769232 0.5054421442307693 0.7704590336538462 0.501389608173077 0.7586689903846153 0.5081471394230769 0.7463696947115385 0.5142059999999999 0.7353648413461538 0.5135295240384615 0.7241569903846153 0.5058943245192308 0.7274958822115385 0.5003663221153846 0.7275923725961538 0.4898021971153846 0.7284178918269231 0.4768625600961538 0.7308876875 0.4655773918269231 0.7317257932692307 0.4576179399038462 0.7302619182692307 0.4505919086538462 0.7271789399038462
3 0.30962546394230767 0.7639396153846154 0.29068831490384617 0.7671552211538462 0.30584720192307696 0.7816364567307693 0.30962546394230767 0.7639396153846154
3 0.3693306346153846 0.6308260625 0.3532552884615384 0.6327094639423076 0.35065620913461537 0.6353193269230769 0.3439376538461539 0.6360777235576923 0.32636987500000003 0.6351021225961537 0.31515742307692307 0.6401062596153846 0.3043809206730769 0.6425382980769231 0.30177624759615385 0.6448276923076922 0.2951248149038462 0.6494316586538461 0.29078736298076924 0.6488662451923077 0.2831297908653846 0.6509232788461539 0.28007798557692304 0.6551438485576924 0.2751761129807692 0.6635640144230769 0.30899246394230767 0.6588064471153847 0.3360846634615384 0.6544868100961538 0.32380454086538457 0.6534189134615385 0.3253247572115385 0.6440960913461539 0.3597728341346154 0.6479826586538462 0.3683246754807692 0.6420632764423077 0.3693306346153846 0.6308260625
3 1 0.8212200649038461 0.9999114326923078 0.8211319447115385 0.9900180096153846 0.8190607043269231 0.9862227836538462 0.8220120048076923 0.9775702572115385 0.8221630360576923 0.977262966346154 0.8321058100961539 0.9685155264423078 0.8405931009615385 0.9750218846153846 0.8552253653846154 0.9811366850961538 0.8474251514423077 0.9874806442307692 0.8389798149038461 0.9950990625 0.8346795336538461 1 0.8345939879807692 1 0.8212200649038461
4 0.9893639086538462 0.8091347091346154 0.9891849086538461 0.7988798629807692 0.982600420673077 0.7935452475961539 0.9755242283653847 0.8013622403846153 0.9893639086538462 0.8091347091346154
3 0.5237401538461538 0.6204373533653846 0.5115215600961538 0.6228945625000001 0.5048589423076923 0.6268575985576923 0.5113149567307692 0.6386056875 0.5131707980769231 0.6485107067307693 0.5141044038461539 0.66067575 0.5143896826923077 0.6770194158653846 0.5157314471153847 0.6987941875 0.527714923076923 0.66909334375 0.53338240625 0.64944015625 0.5325381177884615 0.6286183870192308 0.5286645817307692 0.6270831923076923 0.5211860072115384 0.6393950721153847 0.5171112764423077 0.6401073221153847 0.5155740961538462 0.6346846033653846 0.5237401538461538 0.6204373533653846
3 0.4108401225961539 0.7775598653846154 0.4058711274038461 0.7821344639423077 0.3965311177884615 0.7842208653846154 0.3923391033653846 0.7919875168269231 0.3924397908653846 0.7977558677884615 0.3972803125 0.7995947475961539 0.3928759182692308 0.8089679110576923 0.39046684374999996 0.8086894014423076 0.38668280769230773 0.8122816298076923 0.38887950240384617 0.8141666562500001 0.39368086778846156 0.8137622860576923 0.40392633173076925 0.8084544639423077 0.4211530769230769 0.80366590625 0.4361999086538461 0.7979537163461539 0.44666893990384615 0.7916803076923077 0.4525769519230769 0.7858070721153846 0.4450310721153846 0.7804892403846153 0.4344947331730769 0.7691329326923076 0.4256016754807692 0.7555040096153847 0.41264525721153844 0.7570124134615385 0.40843086778846155 0.7634972067307693 0.40827442548076925 0.7683083629807693 0.4108401225961539 0.7775598653846154
3 0.7479042091346154 0.8598308437500001 0.7437010072115384 0.8669565673076923 0.7418287475961538 0.883658451923077 0.7549921346153846 0.8940072187499999 0.7587817644230769 0.8907354543269231 0.7556906201923077 0.8789286298076924 0.7562997908653847 0.8725067644230768 0.7502461586538461 0.8562637860576923 0.7510733004807691 0.8485558677884615 0.7472165456730769 0.8479820649038461 0.7479042091346154 0.8598308437500001
2 0.41270078365384616 0.3056606490384616 0.40765347596153845 0.30574875 0.3924613894230769 0.3169130264423077 0.3922993533653846 0.32140371634615383 0.3942836682692308 0.3248952572115385 0.41184567307692305 0.31176624759615384 0.41270078365384616 0.3056606490384616
3 0.5983661826923077 0.25401503846153844 0.5982824591346154 0.26299222596153843 0.6065214158653845 0.26669515384615383 0.6091093076923078 0.26344436778846153 0.6104283317307693 0.25636898798076924 0.6088743701923077 0.2499848798076923 0.602804139423077 0.24656465625 0.5992212932692308 0.24790944230769232 0.5983661826923077 0.25401503846153844
4 0.49042086778846156 0.1715915192307692 0.4848593028846154 0.16976522596153845 0.4772744471153846 0.17598829326923077 0.46469262740384615 0.18518363461538462 0.4508085625 0.20241575 0.4390820360576923 0.21928964182692307 0.4387803389423077 0.22955288221153847 0.4408597475961538 0.23849231009615385 0.4548618245192308 0.26934238221153844 0.45506843028846156 0.25363125721153845 0.4556384423076923 0.24496614182692306 0.45952298557692306 0.23335811778846155 0.4715234230769231 0.21840281490384614 0.48380336298076926 0.2056865625 0.5001636274038461 0.1925785264423077 0.49042086778846156 0.1715915192307692