2 0.7879865552884616 0.37900721153846156 0.54736778125 0.26179209615384613 0.4723942403846154 0.22491691826923077 0.4362604879807692 0.2053957451923077 0.44665803125000003 0.24333583653846155 0.4504216682692308 0.24590219471153846 0.3108661995192307 0.3828652860576923 0.31182993990384617 0.3938809014423077 0.3371395673076923 0.4220707548076923 0.5105425360576923 0.5101775793269231 0.6184149975961539 0.5663743341346155 0.7063840649038462 0.48701109375 0.7857473052884616 0.3975421370192308 0.7879865552884616 0.37900721153846156
1 0.4035727403846154 0.21790766586538463 0.3911747620192308 0.2563942884615385 0.39373497115384615 0.2672702307692308 0.40691565625000004 0.2781822139423077 0.4165992067307692 0.27854152644230773 0.4414923509615385 0.25416379567307695 0.44184181971153846 0.23241596634615383 0.4308802668269231 0.2174489903846154 0.4035727403846154 0.21790766586538463
1 0.3919767596153846 0.2765935625 0.39383972596153843 0.26846758173076923 0.39123761538461543 0.25711269951923077 0.39134153846153846 0.24359064663461538 0.30021141826923076 0.23901575240384615 0.2883405769230769 0.2504303389423077 0.28787043028846154 0.2671213677884615 0.28964036778846153 0.27999687259615386 0.3052547235576923 0.2856285745192308 0.35793809615384614 0.28101937740384614 0.38350249999999997 0.2790240841346154 0.3919767596153846 0.2765935625
1 0.39444310336538463 0.2937515913461538 0.4031947548076923 0.29081419471153847 0.4030422379807692 0.27803848798076924 0.39867688701923076 0.27962692067307693 0.38460703605769225 0.2806165697115385 0.3422717788461539 0.2821486995192308 0.31521566346153845 0.28548101442307694 0.29947643509615385 0.2931318918269231 0.30029938221153846 0.3135706346153846 0.3063458341346154 0.3275198100961539 0.31451671875 0.32897667548076925 0.3653354639423077 0.3030546586538462 0.38181803365384615 0.29654526201923076 0.39444310336538463 0.2937515913461538
1 0.3938941826923077 0.30586475721153844 0.3897584591346154 0.2953679591346154 0.3811584951923077 0.2963616610576923 0.3632261177884616 0.30468701923076924 0.3112349567307692 0.331918125 0.30767076923076925 0.3389864302884616 0.3121626586538462 0.35355421634615386 0.3214908725961539 0.36456194471153847 0.33192279326923074 0.3624427548076923 0.3938941826923077 0.30586475721153844
1 0.2779380048076923 0.21611023076923075 0.2375394591346154 0.21771422355769232 0.22554794471153847 0.22407200721153847 0.22782319471153847 0.28685299038461537 0.23544516346153846 0.3004230216346154 0.2812926466346154 0.29858361298076924 0.2894157692307692 0.2884621201923077 0.2860150288461539 0.22384918269230772 0.2779380048076923 0.21611023076923075
1 0.22529653365384616 0.22119836778846155 0.15319326682692308 0.21713056490384613 0.13832811298076922 0.22373975961538461 0.13331411778846153 0.2326240264423077 0.1321056610576923 0.24455359134615387 0.13460301682692308 0.254711125 0.15064141826923078 0.2615122427884615 0.22500068509615384 0.26562397596153847 0.22529653365384616 0.22119836778846155
1 0.21786978125 0.32753877163461537 0.2248833389423077 0.3194447764423077 0.22794470432692307 0.3066291923076923 0.22465707692307693 0.2984712235576923 0.21730244230769233 0.29163428365384614 0.13993796634615385 0.27523772355769227 0.13127514903846155 0.2755130168269231 0.118257875 0.28485617788461537 0.11183094230769232 0.29965532932692307 0.11478921634615384 0.31508119951923075 0.1950013485576923 0.3346068581730769 0.2125205721153846 0.33259151923076924 0.21786978125 0.32753877163461537
1 0.1783871754807692 0.42051640625 0.1933101514423077 0.41824560336538463 0.20521786298076924 0.41092993990384613 0.21338288701923075 0.4012873894230769 0.21616183173076922 0.3925986634615385 0.2134289879807692 0.38342694471153843 0.14879853365384615 0.3470946802884616 0.1338805889423077 0.3457455 0.1223810048076923 0.3503711274038462 0.11171359375 0.3534761298076923 0.10488356490384615 0.3673453365384616 0.10518776923076922 0.3781773509615384 0.16930534134615385 0.4160023028846154 0.1783871754807692 0.42051640625
1 0.27431009615384616 0.2996771129807692 0.2436789014423077 0.30259829807692307 0.20931338461538462 0.3584502139423077 0.21332339903846156 0.36751019471153845 0.2234418894230769 0.37651835817307694 0.2433956153846154 0.3839421418269231 0.2644790216346154 0.37485849759615386 0.29663547115384614 0.3158216081730769 0.2900082548076923 0.30626669471153845 0.27431009615384616 0.2996771129807692
1 0.2989710432692308 0.4270991875 0.30687459855769234 0.42182296153846155 0.3169285697115385 0.40067391346153847 0.3111075480769231 0.3929788918269231 0.31020666105769235 0.3826816875 0.33154064663461535 0.36175227884615385 0.3214908725961539 0.36456194471153847 0.311607875 0.35456796634615384 0.30847193509615384 0.3444663028846154 0.3006412908653846 0.34322097355769227 0.28718907451923076 0.34391528365384616 0.2763859014423077 0.3528234326923077 0.24744836538461537 0.40820046153846157 0.25016025721153845 0.4171327091346154 0.26496338942307696 0.42452450721153845 0.2821113581730769 0.42929812740384615 0.2989710432692308 0.4270991875
1 0.41293351923076926 0.5271628605769231 0.42325062740384617 0.5310862884615385 0.4374562427884615 0.5242934927884615 0.4517557211538462 0.5112186105769231 0.45666496153846153 0.5011369927884616 0.4507182355769231 0.49200515144230766 0.42970187740384613 0.48346782211538464 0.3855589807692308 0.4533061225961538 0.37464015865384614 0.4535374879807692 0.35837212980769234 0.45882160096153846 0.3452869711538461 0.4710663365384615 0.33928408653846154 0.48703490144230766 0.3692565745192308 0.49864951682692304 0.40576241586538464 0.5261011298076923 0.41293351923076926 0.5271628605769231
1 0.28608529807692307 0.5409149735576924 0.27278813461538465 0.5066068052884616 0.2546563052884615 0.5052975024038461 0.16819154086538463 0.5283055697115384 0.16258588942307692 0.5341046634615385 0.16745489423076923 0.5529829086538461 0.17654259134615383 0.5685964326923076 0.1862001610576923 0.5723362572115385 0.273984 0.5496953918269231 0.28608529807692307 0.5409149735576924
1 0.5650544639423077 0.6294380649038461 0.5789097764423077 0.6296736995192307 0.5853425697115384 0.6259739663461539 0.5881215144230769 0.6172852403846154 0.6225264014423076 0.6096904495192308 0.6472896418269231 0.6022152836538461 0.6614533581730769 0.5949435480769231 0.668273326923077 0.5883143076923077 0.665398858173077 0.5738463173076923 0.6545839591346153 0.5605556298076924 0.6466745408653847 0.5547324375 0.634625204326923 0.556751829326923 0.6203517067307692 0.5664461971153846 0.5966879711538462 0.5791338317307692 0.5601159134615384 0.5840225913461539 0.5481193677884616 0.594000358173077 0.5430894543269231 0.599025173076923 0.5456496586538462 0.6099011153846153 0.5528894807692308 0.622780673076923 0.5650544639423077 0.6294380649038461
1 0.6629190528846153 0.6889234254807692 0.6748535745192308 0.6929466490384615 0.6802136754807692 0.6953733365384616 0.6954400216346154 0.6892151466346154 0.7066781370192309 0.6889558485576923 0.7112789759615384 0.6863816009615384 0.7108180576923077 0.681113264423077 0.7204278629807692 0.6732747307692308 0.7250387596153847 0.6634605192307692 0.6851816081730769 0.612413125 0.6547641201923077 0.5993896249999999 0.6460962740384615 0.6032849014423077 0.6289960697115385 0.6100896370192308 0.6159528125 0.6228133100961538 0.6116092451923077 0.6393606153846154 0.6311397548076924 0.6603343846153845 0.6510884495192308 0.6713781514423077 0.6629190528846153 0.6889234254807692
1 0.6052643437499999 0.9014880072115384 0.6158429206730769 0.9010451057692308 0.6238403365384616 0.8894867956730769 0.6262052932692307 0.8723886899038462 0.6245711225961539 0.8537100384615385 0.6065750600961539 0.8465975865384615 0.5125084471153847 0.8415556923076923 0.49907215384615383 0.8461094567307692 0.48938943509615385 0.8604695432692308 0.48674708894230767 0.8780745240384615 0.4886058557692308 0.8882879254807693 0.5007658100961538 0.8985653004807692 0.594534079326923 0.9038746009615385 0.6052643437499999 0.9014880072115384
1 0.6939265288461538 0.675593298076923 0.6891111514423076 0.679392829326923 0.6959529038461538 0.6877224591346154 0.7047833293269231 0.6893629254807692 0.7114725624999999 0.6849168461538462 0.7035681754807693 0.675473670673077 0.6939265288461538 0.675593298076923
1 0.43714700721153843 0.5170814615384616 0.44264790625 0.5100850168269231 0.44265293509615383 0.5064650360576923 0.43690062740384616 0.5105878389423076 0.4341057620192308 0.5154171129807692 0.43714700721153843 0.5170814615384616
1 0.22520766346153845 0.3157968581730769 0.21729824519230767 0.30997366586538466 0.21273427884615387 0.31664683653846154 0.21664457211538463 0.3208894831730769 0.22520766346153845 0.3157968581730769
1 0.5439015072115384 0.6119844807692307 0.5417871322115384 0.6172368245192307 0.5457393245192308 0.6219584134615384 0.550403016826923 0.6201025769230769 0.5439015072115384 0.6119844807692307