2 0.9527597956730769 0.2749190144230769 0.9208355576923076 0.2830633100961539 0.8808577403846154 0.2809681610576923 0.8432723653846155 0.27224895192307697 0.816125923076923 0.2594749230769231 0.7962511322115385 0.24063933894230768 0.7771149471153845 0.3325947307692308 0.7751054543269231 0.3475222764423077 0.7858863173076922 0.36035899519230774 0.803794516826923 0.36988772836538464 0.8332852932692307 0.3769555480769231 0.8604175745192308 0.3743891826923077 0.8792878341346154 0.3655607548076923 0.9527597956730769 0.2749190144230769
3 0.9502640745192308 0.2757085985576923 0.9620230264423076 0.26988220432692306 0.9722945408653847 0.2612167235576923 0.9753835360576922 0.24910689182692308 0.9755849014423077 0.2374593076923077 0.9725067379807691 0.22594664903846157 0.9685325288461539 0.21592099278846152 0.9604789519230769 0.20568154567307692 0.9438266322115385 0.19560504567307693 0.925038420673077 0.18725736538461538 0.8979631971153845 0.18092972596153847 0.8702074519230769 0.17978190144230768 0.8388194254807692 0.18549995673076922 0.8219567836538462 0.19504718509615385 0.8143573701923077 0.1995576033653846 0.8028299759615384 0.20877085576923077 0.7958700600961539 0.21668951201923076 0.7920934663461539 0.2263089639423077 0.7950112884615385 0.24088115384615383 0.8156698846153846 0.26037140384615387 0.8416566514423077 0.27185748317307695 0.8756026658653846 0.2797723774038462 0.9069336346153847 0.2829483269230769 0.9341460889423078 0.2788521995192308 0.9502640745192308 0.2757085985576923
3 0.40492777403846153 0.753030389423077 0.4045910528846154 0.7594553942307692 0.41564449759615385 0.7670909206730769 0.4290262427884616 0.7693261923076923 0.4418807331730769 0.7660115576923077 0.45406740865384615 0.7286079014423077 0.46205352163461544 0.7011082740384615 0.46286231490384616 0.6934808365384615 0.4789020024038461 0.6762206538461538 0.4908943942307692 0.6581347764423077 0.5126616562499999 0.5706123750000001 0.5126545769230769 0.5629421778846153 0.5053687692307692 0.5536633485576923 0.49100372836538464 0.5467746466346154 0.4719268990384615 0.5439341153846153 0.4525935216346154 0.5459888269230769 0.4387307451923077 0.5529321322115385 0.4119239326923077 0.6429515625 0.4095866754807692 0.6563279639423077 0.4157038533653846 0.6722949927884615 0.4188140841346154 0.6831957475961539 0.418365125 0.691762423076923 0.41495544471153845 0.7099913076923077 0.41084921153846155 0.7337059663461538 0.40492777403846153 0.753030389423077
2 0.2944395576923077 0.6914036201923076 0.3014617355769231 0.6979074975961539 0.30914131971153846 0.6918673125 0.2916981153846154 0.6734659519230769 0.28212315384615383 0.6766456658653847 0.2944395576923077 0.6914036201923076
2 0.39449531009615385 0.5696350168269231 0.3757853942307693 0.5754039182692308 0.37752042548076925 0.5813239134615384 0.40409338221153845 0.573819548076923 0.39449531009615385 0.5696350168269231
2 0.22578744711538462 0.8774037884615384 0.2758674783653846 0.8818691298076923 0.27711627884615386 0.8736511634615384 0.22666037740384615 0.8685525408653846 0.22578744711538462 0.8774037884615384
2 0.16514582692307694 0.8325018485576923 0.1539961778846154 0.8267020384615384 0.1483723125 0.8325431658653847 0.1571384783653846 0.8369908870192307 0.1688724423076923 0.8394465961538462 0.18645287740384614 0.8474241874999999 0.19155656490384618 0.8437033509615385 0.17407233653846152 0.8338900456730769 0.16514582692307694 0.8325018485576923
3 0.42423264903846153 0.45491893990384613 0.41757030528846156 0.44935430048076924 0.4047478822115385 0.45205702884615384 0.3905181923076923 0.4503909038461539 0.2594119831730769 0.43094140625 0.24798974759615386 0.43034279086538463 0.23532579326923075 0.4456323389423077 0.2323009375 0.45651835817307695 0.23025229807692307 0.46438761057692307 0.22967506490384615 0.47540190865384613 0.23322530048076923 0.48571213701923077 0.37783070432692306 0.52857178125 0.3828452644230769 0.5343568557692308 0.39516354567307693 0.5334684663461539 0.4054029903846154 0.5254148870192308 0.41349946634615387 0.5114199350961539 0.42116489423076925 0.4900393581730769 0.4228395384615385 0.4658904783653846 0.42423264903846153 0.45491893990384613
3 0.38126162259615387 0.5333534807692307 0.3905960673076923 0.5347630576923077 0.40810528605769225 0.5362942620192308 0.42252738701923076 0.5342889591346154 0.43676602884615384 0.5279789326923077 0.44656546874999997 0.5205158846153846 0.4529339927884615 0.5082711298076923 0.45669455048076923 0.4989576298076923 0.4579593846153846 0.4904337115384615 0.4553051923076923 0.4786364783653846 0.4465479831730769 0.4662126057692308 0.4354785048076923 0.45888303125 0.42473679086538463 0.4531046033653846 0.4200339615384615 0.4491766225961538 0.4131311009615385 0.4482012716346154 0.4021238846153846 0.45529423557692306 0.39297997596153844 0.46585956971153847 0.38620351442307693 0.4780829423076923 0.38225054567307687 0.491067875 0.37862533894230765 0.5056039495192308 0.37710395673076924 0.519023108173077 0.3765908581730769 0.5288135961538462 0.38126162259615387 0.5333534807692307
3 0.32036720673076924 0.4620540961538462 0.28281389663461537 0.4527229759615385 0.2721433990384615 0.4533909326923077 0.2889560625 0.4604079086538461 0.3200144519230769 0.46878505288461536 0.5329589663461538 0.53455415625 0.5328556826923078 0.5287196754807693 0.32036720673076924 0.4620540961538462
2 0.43656841346153846 0.5083338245192308 0.4218275048076923 0.5008118413461539 0.41670778125 0.5048386298076923 0.4330163004807692 0.5136699423076924 0.43656841346153846 0.5083338245192308
2 0.49064764663461535 0.5145427211538461 0.49421579326923076 0.5089006514423077 0.4788584975961539 0.5053346754807693 0.46720470432692307 0.501349201923077 0.4656922764423077 0.5067922115384615 0.49064764663461535 0.5145427211538461
2 0.317011625 0.9631779951923077 0.31728420673076924 0.9579768004807693 0.2946533918269231 0.9761187283653846 0.30449906009615385 0.9833841634615385 0.3196106346153846 0.9682228918269231 0.317011625 0.9631779951923077
2 0.4641717379807692 0.37970022355769234 0.4698988894230769 0.37969357932692305 0.47407633894230766 0.3624253076923077 0.46753331490384614 0.36238919471153846 0.4641717379807692 0.37970022355769234