3 0.7921281995192307 1 0.7906279567307692 0.9883795985576923 0.7925321201923077 0.98347253125 0.7751300576923076 0.9803074399038461 0.749437079326923 0.9782098990384616 0.737313701923077 0.9790765985576922 0.7379016057692307 1 0.7921281995192307 1
3 0.7661895360576924 0.7004560024038462 0.7460046514423078 0.7294393269230769 0.7382068605769232 0.7420485024038462 0.7529982211538461 0.7636021610576923 0.7861729447115385 0.769596608173077 0.7924178100961539 0.7656680552884616 0.7880529711538462 0.7546745504807693 0.8025777043269231 0.7394138028846153 0.7845234783653846 0.7382172764423077 0.7889970528846154 0.7261849158653846 0.7970434399038461 0.7088322499999999 0.7661895360576924 0.7004560024038462
4 0.9645304519230768 0.6870680144230769 0.9505029086538461 0.6928417836538461 0.9281693341346154 0.7104470625 0.9557493245192308 0.7289157980769231 0.9570123725961538 0.7362419399038462 0.9689022716346154 0.7293547716346154 0.9788356730769231 0.7283733004807692 0.9769858774038462 0.7217674374999999 0.9869082283653847 0.7105213197115384 0.9896739014423077 0.6996511658653847 0.9842271586538461 0.6883506201923077 0.9645304519230768 0.6870680144230769
4 0.7814627091346154 0.8594732644230769 0.8024245 0.8575677091346154 0.8142097259615385 0.852677798076923 0.7907067259615383 0.8506950288461539 0.7720526682692307 0.8504684423076923 0.7524213774038462 0.8479375504807692 0.7489924879807692 0.850511625 0.765729298076923 0.8558949375 0.7814627091346154 0.8594732644230769
4 0.9246584038461538 0.46317443509615386 0.9654477427884616 0.4600549086538462 0.95572571875 0.4465275600961538 0.9436305432692307 0.4363806394230769 0.9150430865384614 0.4371355240384615 0.9169452139423077 0.44274275721153844 0.9160967884615385 0.4484561850961538 0.9180381706730769 0.4533144471153846 0.9246584038461538 0.46317443509615386
3 1 0.3537297596153846 0.9375609855769231 0.3426845769230769 0.9200935048076923 0.3407677740384615 0.9101470192307691 0.3419989014423077 0.8806608341346155 0.33895153846153847 0.8643406778846153 0.33609349038461533 0.8553583413461538 0.33987857692307694 0.8545229999999999 0.3453423461538462 0.8972778557692307 0.3570960721153846 0.9068449038461538 0.36310500721153843 0.984560889423077 0.3781930240384615 0.9938813750000001 0.37843114903846153 1 0.37565660096153847 1 0.3537297596153846
4 0.23707536057692308 0.2686725625 0.24582218509615383 0.26938130528846155 0.25668251442307694 0.26118846394230766 0.26859858413461535 0.2538019807692308 0.2592650120192308 0.2538135144230769 0.25170476442307693 0.2514145528846154 0.22882572836538462 0.25847683653846154 0.23707536057692308 0.2686725625
4 0.5933174038461538 0.5945133822115385 0.6090508125 0.5980917091346154 0.617341733173077 0.5970241610576923 0.6210302668269231 0.5999712427884616 0.6397366610576923 0.5991992019230769 0.6427881490384616 0.5933508894230769 0.6363490576923077 0.59051 0.6203952524038462 0.5806615456730769 0.6149333942307693 0.5801249567307692 0.5871792451923077 0.5859303725961539 0.5933174038461538 0.5945133822115385
4 0.7865682908653846 0.34303270673076924 0.7926954014423077 0.3413510697115385 0.8115497836538462 0.31680419230769236 0.7832743100961538 0.3220816009615385 0.7865682908653846 0.34303270673076924
4 0.6766575625000001 0.9841590649038461 0.6672475192307693 0.9751542403846154 0.6724779350961538 0.9591560552884615 0.6571108774038461 0.9485873221153847 0.6460301490384615 0.9505100360576922 0.6458187716346154 0.9650188581730769 0.6541338245192307 0.9739662956730769 0.665705641826923 0.9940995096153846 0.6766575625000001 0.9841590649038461
2 0.741977875 0.2510729975961538 0.7614149374999999 0.24683444711538463 0.7605423774038461 0.24253288461538464 0.7433083774038463 0.2466365504807692 0.741977875 0.2510729975961538
4 0.6861869471153846 0.17379722115384616 0.6466516370192308 0.16346394230769232 0.6459581850961539 0.17669578365384617 0.653987423076923 0.18062138221153848 0.6607384975961538 0.1879847980769231 0.6912693701923077 0.18157387259615382 0.6861869471153846 0.17379722115384616
3 0.7282498533653846 0.46064173557692306 0.7204017596153847 0.4637352379807692 0.7113650528846154 0.4790332572115385 0.7289241225961539 0.4792024615384615 0.7513603365384616 0.47011422596153846 0.7460816514423076 0.4660824350961539 0.7556920216346155 0.45031379326923077 0.7560191201923078 0.44407235817307694 0.7670736754807692 0.4426489591346154 0.7595526826923076 0.4395010264423077 0.7468033052884615 0.4418369759615385 0.7320320096153845 0.4513269134615384 0.7282498533653846 0.46064173557692306
4 0.8293272115384615 0.33375782451923075 0.8469144831730768 0.3229134110576923 0.8344660384615386 0.31950724038461537 0.8155392524038461 0.3140091538461538 0.8106751899038461 0.32301693509615387 0.8076760384615385 0.32786661778846155 0.8179345072115385 0.3311580144230769 0.8293272115384615 0.33375782451923075