3 0.9911904014423077 1 0.9911695913461538 0.9751477259615384 0.9877857475961539 0.9759057788461539 0.959033889423077 0.9729525600961538 0.9437675 0.9698261706730769 0.9305170649038461 0.97408903125 0.901985983173077 0.976042375 0.8480583677884616 0.9759181826923077 0.8496151105769231 1 0.9911904014423077 1
3 0.3189466802884615 0.5327928894230769 0.30732055288461535 0.5317728389423076 0.3011797788461539 0.5324827668269231 0.2998617932692308 0.53777103125 0.29971207932692306 0.5463481538461539 0.30668628124999997 0.5505554807692308 0.31497846875 0.5494745432692307 0.3216677331730769 0.5524512163461538 0.3330516971153846 0.5497900120192308 0.3419351466346154 0.5499450745192308 0.34353806971153844 0.5458874615384615 0.34301096875000003 0.5409755552884615 0.3363003149038462 0.5392241850961539 0.33265292307692307 0.53752628125 0.3259850432692308 0.5333243052884615 0.3219814206730769 0.5344800985576923 0.3189466802884615 0.5327928894230769
2 0.19907367788461539 0.5188522908653846 0.20188051682692307 0.5160413701923077 0.19333903846153846 0.5138494831730769 0.19113059375000002 0.5174879663461538 0.19907367788461539 0.5188522908653846
3 0.7773820024038461 0.4782853870192308 0.7733641225961538 0.48025805288461537 0.7757434350961538 0.48438517067307696 0.7824826057692308 0.48450280528846157 0.7862298076923077 0.4804826225961539 0.7835156514423077 0.4779838942307692 0.7773820024038461 0.4782853870192308
3 0.37357962499999997 0.5276181298076923 0.37639359134615386 0.5243987764423077 0.3709296298076923 0.5214434879807692 0.369034641826923 0.5246788822115385 0.37357962499999997 0.5276181298076923
2 0.24069215384615386 0.45175795432692306 0.24456031971153847 0.45836241826923074 0.2532016081730769 0.4548362235576923 0.2499318341346154 0.4490593221153846 0.24379818509615386 0.44936081971153846 0.24069215384615386 0.45175795432692306
4 0.08408856490384616 0.4355419831730769 0.07801907932692308 0.43216756971153847 0.07520511057692308 0.43538692307692306 0.08094688221153847 0.43998129326923074 0.08408856490384616 0.4355419831730769
2 0.26314499759615384 0.5698148509615385 0.27052533653846156 0.5683094399038462 0.2706821802884615 0.5593238798076923 0.26218347596153846 0.5546813870192308 0.26314499759615384 0.5698148509615385
2 0.5467314783653846 0.5788504615384615 0.5363449158653846 0.5770349278846154 0.5345708918269231 0.59089496875 0.5391586490384616 0.5913836057692308 0.5390517091346154 0.5975101225961539 0.5437107620192307 0.5939144158653846 0.5538409038461538 0.5928655625 0.5467314783653846 0.5788504615384615
4 0.520494391826923 0.5722641081730769 0.520729423076923 0.5763537980769231 0.52555934375 0.5805236971153847 0.530546110576923 0.5757080336538462 0.5406619927884615 0.5754760456730769 0.5315720264423077 0.5695975552884616 0.520494391826923 0.5722641081730769
2 0.7623851322115385 0.5650466754807693 0.7561801947115385 0.5694325168269231 0.7462922139423077 0.5741626298076923 0.7452591682692307 0.5806815408653846 0.7514923942307692 0.5922299927884616 0.7577044615384616 0.5874357163461539 0.7610954350961538 0.5862692283653846 0.7612522788461539 0.5772836706730768 0.7623851322115385 0.5650466754807693
2 0.8682821370192308 0.5019342403846154 0.8695787331730769 0.49787128365384614 0.8610229975961539 0.4964962668269231 0.8588074230769231 0.5005431802884616 0.8682821370192308 0.5019342403846154
3 0.9352598725961538 0.5619358293269231 0.933941889423077 0.56722409375 0.9353665793269231 0.57337734375 0.9368340456730769 0.5770799903846154 0.9406739302884616 0.5677501586538461 0.9490017620192308 0.5646270504807692 0.94570346875 0.5604838894230769 0.9352598725961538 0.5619358293269231
2 0.3838387884615385 0.46651336057692305 0.3851639014423077 0.4608166634615385 0.37662242307692306 0.4586247788461538 0.37592422115384616 0.4635152956730769 0.3838387884615385 0.46651336057692305
4 0.18038183173076924 0.43109440625 0.1855394639423077 0.43404434375 0.19696620192307693 0.42893253365384615 0.1851193028846154 0.4230059206730769 0.17923494951923077 0.4265802379807692 0.18038183173076924 0.43109440625
3 0.12307634134615385 0.5191599855769231 0.11652230288461539 0.5259910889423077 0.11940732692307693 0.536255420673077 0.14268809615384617 0.5366617884615384 0.14924213701923078 0.5298306850961538 0.1527471778846154 0.5221292475961539 0.12307634134615385 0.5191599855769231
4 0.14365651442307692 0.5689548509615384 0.1533876514423077 0.5732102956730769 0.1568855625 0.5659172932692308 0.16157313221153846 0.5606878461538461 0.1567004326923077 0.5589685576923077 0.14786688701923076 0.555954454326923 0.13980973317307693 0.5611250841346154 0.12663059134615384 0.5613035985576923 0.12560467548076923 0.5674140769230769 0.13510790625 0.5671713966346154 0.14365651442307692 0.5689548509615384
4 0.0720694014423077 0.527257954326923 0.07841669471153846 0.5322714543269231 0.08365275240384616 0.5307286153846154 0.08222806009615385 0.5245753629807692 0.07702051923076923 0.5244844639423077 0.0720694014423077 0.527257954326923
4 0.09149672115384615 0.4851069278846154 0.09189572836538461 0.47980262740384616 0.08301227884615384 0.4796475673076923 0.0738225 0.47948715865384617 0.0682801201923077 0.4810246514423077 0.0730886514423077 0.4864198485576923 0.07730592307692308 0.49057905288461534 0.08557672115384615 0.4907234206730769 0.08626779326923077 0.4862413341346154 0.09149672115384615 0.4851069278846154
4 0.32044219711538463 0.5699978605769231 0.3158829567307692 0.5678754831730769 0.3057884591346154 0.5668821658653846 0.3053965817307692 0.5717780336538462 0.3139737091346154 0.5719277475961538 0.3194447980769231 0.5744746009615385 0.32044219711538463 0.5699978605769231
0 0.47744548798076925 0.5282054375 0.48000303365384617 0.5221216947115385 0.47173936538461536 0.5215688942307692 0.47288624759615383 0.5260830600961538 0.47744548798076925 0.5282054375
4 0.5059190745192308 0.5646556322115385 0.5165834471153846 0.5681102524038462 0.5090536250000001 0.5606247572115385 0.5059190745192308 0.5646556322115385