1 0.5004109663461539 0.49110624999999997 0.49100752884615384 0.49116553365384613 0.48195202163461537 0.4937004855769231 0.4733560576923077 0.49162663221153846 0.4507973846153846 0.49656424278846156 0.44270231009615385 0.5019936995192308 0.4427994591346154 0.5105635817307692 0.45227248317307694 0.5109994326923076 0.45964345673076923 0.5122356225961539 0.4748797331730769 0.5103467596153846 0.4840396201923077 0.5085545072115385 0.5347810408653846 0.49536430048076924 0.5423332067307692 0.49001114423076925 0.5420062860576923 0.4837456682692308 0.5276680817307692 0.48020672115384616 0.5074412331730769 0.4820395913461538 0.5004109663461539 0.49110624999999997
1 0.46301252403846155 0.5046933365384615 0.4687757764423077 0.5023686225961538 0.4673420240384615 0.5000455552884615 0.45331695673076927 0.4987347091346154 0.44742831490384616 0.5041065288461538 0.46301252403846155 0.5046933365384615
2 0.5603215288461538 0.40922141586538463 0.5410341009615385 0.41773859375 0.5420989086538461 0.42137579807692305 0.5530404807692307 0.42438228605769235 0.5681165721153846 0.4252929615384616 0.5749236225961538 0.43039525961538466 0.5803875192307693 0.4298798149038462 0.5950533197115384 0.41999250721153847 0.5915457524038461 0.4068527908653846 0.5809521129807692 0.40632197596153846 0.5706506033653846 0.4118090673076923 0.5603215288461538 0.40922141586538463
2 0.6366820817307691 0.4522629567307692 0.6050403389423077 0.4516607764423077 0.6022351899038462 0.4553369543269231 0.6332992307692307 0.45576786778846157 0.6366820817307691 0.4522629567307692
2 0.4982465528846154 0.4835842764423077 0.4910495504807692 0.48358592067307693 0.48020512740384613 0.48914931490384617 0.47501957932692307 0.4916452956730769 0.48130473076923075 0.49303408653846154 0.4982465528846154 0.4835842764423077
2 0.4914460576923077 0.49034653125000005 0.49969408894230766 0.48994471634615383 0.506425 0.482687326923077 0.49766885096153846 0.4834130096153846 0.4914460576923077 0.49034653125000005
2 0.5326238581730769 0.4800151442307692 0.5327492475961538 0.4769680408653846 0.5148680096153846 0.4797335408653846 0.5326238581730769 0.4800151442307692
2 0.3881801730769231 0.5513116730769231 0.38508289663461537 0.5489699423076924 0.37290910336538463 0.55295296875 0.3662687932692308 0.5569156875 0.3710295913461538 0.5592760817307693 0.3881801730769231 0.5513116730769231
2 0.3822370793269231 0.520842266826923 0.3858214615384616 0.5266499375 0.39438263221153846 0.5284762259615385 0.3886476201923077 0.519183951923077 0.3822370793269231 0.520842266826923
2 0.3627126514423077 0.53949103125 0.3771414519230769 0.5397353052884616 0.38625276201923076 0.5336581153846154 0.3852923317307692 0.5307636105769231 0.39152890625 0.5278674615384615 0.3741072091346154 0.52602415625 0.35557144951923075 0.5359504374999999 0.3627126514423077 0.53949103125
2 0.27827668028846153 0.5374726033653846 0.26975685576923075 0.5477584350961539 0.3071618509615385 0.5460359014423077 0.30652178846153844 0.5375423221153846 0.27827668028846153 0.5374726033653846
2 0.26179305048076923 0.5816970697115385 0.2587719110576923 0.5917150264423077 0.26766723317307695 0.591979610576923 0.2716002235576923 0.5805712187500001 0.26179305048076923 0.5816970697115385
2 0.2967690673076923 0.5745093990384615 0.31152479326923077 0.5810191514423078 0.3178309543269231 0.5786181370192307 0.3057201923076923 0.5712317451923077 0.2967690673076923 0.5745093990384615
2 0.14816262259615384 0.6595187235576923 0.1641781346153846 0.6671137091346153 0.16929409615384616 0.6641225961538461 0.15331337740384615 0.6567751778846154 0.14816262259615384 0.6595187235576923
2 0.08368758653846155 0.6971077283653847 0.08287288461538461 0.7070680456730769 0.09271485336538461 0.7061897620192308 0.09501911298076923 0.6950102716346154 0.08368758653846155 0.6971077283653847
2 0.1974368485576923 0.6043744158653847 0.1716345 0.6138072091346154 0.17523989423076922 0.6158250721153846 0.20151556730769232 0.6058208461538461 0.1974368485576923 0.6043744158653847
3 0.12285528124999999 0.6448985432692307 0.09490885336538463 0.6627112860576924 0.08226829326923077 0.6791303004807693 0.07856507211538462 0.6882342884615384 0.06221473557692307 0.7018927379807691 0.06711470913461538 0.7052434038461539 0.08516336298076924 0.6918511826923077 0.10837655288461538 0.6797527908653845 0.14778712740384614 0.6489683076923077 0.19459690865384616 0.6078030264423077 0.18045368028846154 0.601712108173077 0.12285528124999999 0.6448985432692307