1 0.28155545673076926 0.43968050480769233 0.2730057451923077 0.43457821153846155 0.2638654519230769 0.4335295673076923 0.25362948798076923 0.43936570673076925 0.246214 0.45317946394230774 0.24273981249999999 0.533606889423077 0.24413049759615385 0.5488554206730769 0.2528148653846154 0.55642409375 0.26623392548076924 0.5577719423076923 0.28233377884615385 0.5515268557692308 0.28705561778846156 0.5367057524038461 0.2876523389423077 0.44911571394230765 0.28155545673076926 0.43968050480769233
1 0.3290001586538462 0.4331702980769231 0.32287478365384614 0.42414259134615384 0.31096318028846154 0.4188052139423077 0.30104066586538464 0.42015883653846153 0.2902426177884615 0.42964111778846154 0.28791550480769235 0.5375848701923077 0.29254124759615385 0.54609821875 0.3029738846153846 0.555017625 0.3172036634615385 0.5535557019230769 0.3263880961538461 0.5451890673076923 0.33066965625000005 0.5278802091346153 0.3290001586538462 0.4331702980769231
1 0.3678728076923077 0.5624222572115385 0.3726751057692308 0.5332744831730769 0.37125424278846153 0.43940094471153845 0.36657151442307695 0.43170260096153845 0.3564936682692308 0.4264934543269231 0.34001052644230767 0.42943578125 0.33052046874999996 0.43778104567307696 0.33094678605769234 0.5283090841346154 0.32983547115384615 0.5442016490384616 0.33080654807692306 0.5610588149038461 0.3367402764423077 0.5684351442307692 0.34762884134615385 0.5708345240384616 0.3615814903846154 0.5689437283653846 0.3678728076923077 0.5624222572115385
1 0.4112667043269231 0.5523528413461538 0.4230626442307692 0.48028771875 0.41749152884615387 0.4721177548076923 0.4090273028846154 0.4657929591346154 0.39555125240384614 0.46526011778846155 0.38284178365384613 0.4713327884615385 0.3730947115384616 0.5316658461538462 0.3676940144230769 0.5693711586538461 0.3712810721153846 0.5839542860576923 0.4015872403846154 0.5897589495192308 0.4079070528846154 0.5828299783653846 0.4118181730769231 0.5708186418269231 0.4112667043269231 0.5523528413461538
1 0.4639780048076923 0.45735066105769234 0.4532682355769231 0.44800238221153843 0.4379014375 0.44815631490384616 0.4288879783653846 0.45407793990384615 0.4112667043269231 0.5523528413461538 0.4125149110576923 0.5696388798076923 0.41696968028846154 0.5805972379807692 0.4243253822115385 0.5852065432692307 0.4349938076923077 0.5863620456730769 0.4448671538461539 0.5813195360576923 0.45147974278846154 0.5658116586538461 0.46660683894230764 0.46367690144230767 0.4639780048076923 0.45735066105769234
1 0.4979377235576923 0.5514520673076923 0.5012230600961538 0.4517652043269231 0.5029093125 0.44082677403846154 0.49396848798076926 0.4369256177884615 0.48407446634615386 0.4378717379807692 0.4740871370192308 0.44454425 0.4559272475961539 0.532953625 0.45580544230769227 0.5390875216346154 0.4583616394230769 0.5552365432692308 0.46423838221153846 0.5634278774038461 0.47323619711538456 0.56651403125 0.4830732283653846 0.5663829158653846 0.49028142307692313 0.5599255576923077 0.4979377235576923 0.5514520673076923
1 0.5352291538461539 0.5671635528846154 0.5390547908653847 0.5563747235576924 0.5428323701923077 0.44525644471153847 0.536870141826923 0.4382876153846154 0.52596090625 0.43179184615384614 0.5150360240384615 0.4343038605769231 0.5038546875000001 0.4404833846153846 0.4981863605769231 0.5522884399038461 0.500053641826923 0.5651133365384615 0.50209971875 0.5709893317307693 0.5082614110576923 0.5751056466346154 0.5197897211538461 0.577140264423077 0.5301033509615385 0.5745855120192307 0.5352291538461539 0.5671635528846154
1 0.5811272884615385 0.5871623245192308 0.5835477091346154 0.4734921778846154 0.5795332211538462 0.4650215769230769 0.5703437596153846 0.4602840432692308 0.5546143461538462 0.4612316057692307 0.5423166586538462 0.47019953124999997 0.5396090528846154 0.55723246875 0.5392849903846154 0.5838269326923077 0.5424032716346153 0.5963298125000001 0.5612666129807692 0.5988773485576924 0.5665605961538461 0.6066184350961539 0.5748773173076923 0.6018765721153846 0.5811272884615385 0.5871623245192308
3 0.5882779399038461 0.6298402548076923 0.5999978966346153 0.6335262548076923 0.6074262355769231 0.6283127740384615 0.6070379158653846 0.6119058509615385 0.61128315625 0.5995083846153846 0.6125006322115385 0.586489704326923 0.621594548076923 0.56624140625 0.6218459759615385 0.5494697235576923 0.622222 0.5089560889423077 0.6260945673076923 0.4711439206730769 0.6241289471153847 0.4509412548076923 0.6183091995192308 0.44193491826923076 0.61130046875 0.4455397644230769 0.6073921394230769 0.4399430384615384 0.6016137379807692 0.43912948076923075 0.5955710528846153 0.44648732692307697 0.5909581634615384 0.4465742548076923 0.5866145865384615 0.45159394951923076 0.5853401201923076 0.4654276346153846 0.5811406971153846 0.5474423221153846 0.5811222596153847 0.5740581586538461 0.5865793918269231 0.5838581274038461 0.5866207403846154 0.5920509038461538 0.5876566298076923 0.6035891754807692 0.5892546033653846 0.6114813100961538 0.5882779399038461 0.6298402548076923
1 0.7003690096153845 0.5201535817307692 0.6992113173076924 0.5147491995192308 0.6923892043269231 0.5069012572115384 0.6804491057692308 0.5019713798076924 0.6703064495192308 0.5020811274038461 0.668350889423077 0.5080867932692308 0.6610287115384617 0.5161741562500001 0.6335575552884615 0.6059798942307693 0.635041548076923 0.6155020336538463 0.6399159254807691 0.6248517548076923 0.648437141826923 0.6303615480769231 0.663127875 0.6354837668269231 0.6722759879807693 0.6320285240384614 0.7007366562499999 0.5324641153846155 0.7003690096153845 0.5201535817307692
1 0.4759806923076923 0.6502427692307692 0.4804304326923077 0.6480969615384615 0.4921503870192308 0.6517829591346154 0.5043262692307692 0.6489489326923077 0.5571711129807693 0.6530536971153846 0.5627008798076922 0.6530308822115385 0.5667181610576922 0.6438934302884616 0.5683267475961539 0.6296736129807693 0.5682233822115385 0.609191673076923 0.5623751370192308 0.6005928413461539 0.4950881947115385 0.5922022307692308 0.47347421634615383 0.5894623533653847 0.4621297307692308 0.593583 0.4574727019230769 0.6030852091346154 0.45480475721153846 0.6192784206730769 0.4554987043269231 0.6357067139423077 0.45993280048076923 0.6425686826923077 0.473877625 0.6451817788461539 0.4759806923076923 0.6502427692307692
1 0.4513752644230769 0.64197028125 0.4545483004807692 0.6229459326923077 0.4549137091346154 0.6045442427884615 0.4512048509615385 0.5960950120192308 0.41017326923076924 0.5899498509615385 0.4027242596153846 0.5910669399038462 0.3718638293269231 0.5844045336538461 0.3644924807692308 0.5888030096153846 0.35999357692307693 0.5872599326923077 0.35463701682692306 0.6155499615384615 0.3537743365384615 0.6322789014423077 0.3722465649038461 0.6360275721153846 0.3754374807692308 0.6387076682692308 0.3813583605769231 0.63748371875 0.42344929567307693 0.641655485576923 0.42767107211538463 0.6427696875000001 0.4315095600961539 0.6405811370192308 0.4513752644230769 0.64197028125
1 0.28897375000000003 0.6322520384615384 0.29889626442307693 0.6308984182692308 0.3218182355769231 0.6325012788461539 0.3504124471153846 0.6320438149038462 0.3520858461538462 0.6125051057692308 0.35078847115384615 0.5915301778846154 0.3419901225961538 0.5855915120192308 0.29553493509615386 0.5823430504807692 0.25437651923076926 0.5692276177884615 0.24245430528846154 0.5860021875 0.23839288461538463 0.6045549206730769 0.23834092307692306 0.6184740913461538 0.24222075721153846 0.6244783149038462 0.27072948317307693 0.6252433557692307 0.27713981249999997 0.630196045673077 0.28897375000000003 0.6322520384615384
4 0.22686233653846152 0.5718080745192308 0.22513976682692308 0.5876578966346154 0.22904809615384616 0.5932546201923077 0.23524610576923077 0.5924595432692308 0.23643229326923076 0.5974564206730769 0.23985117307692308 0.5968765024038462 0.24142344471153845 0.5875680793269231 0.2537082764423077 0.5699998774038462 0.2550525841346154 0.56395146875 0.24810866826923078 0.5622374182692308 0.24077363701923077 0.5617245048076923 0.22686233653846152 0.5718080745192308
1 0.32077284134615386 0.5464343870192307 0.31897540144230774 0.5413947668269231 0.3116275216346154 0.5322815745192307 0.3066805096153846 0.5327546322115384 0.3053362019230769 0.5388030432692308 0.3115107475961538 0.5515196370192308 0.32077284134615386 0.5464343870192307
1 0.35398497115384614 0.5589941610576923 0.34208622355769236 0.5622570625 0.3411615216346154 0.5666968389423077 0.3523920288461539 0.5642061971153847 0.35398497115384614 0.5589941610576923
1 0.4282571778846154 0.5772915961538462 0.43245828125 0.5743094110576923 0.4318548509615385 0.5697627788461539 0.42051818509615385 0.5693795360576923 0.41905989663461535 0.577057951923077 0.4282571778846154 0.5772915961538462
1 0.4718533365384615 0.546761608173077 0.46892390625 0.5535181634615385 0.47569685096153846 0.5576772235576923 0.47920903846153845 0.5513709110576923 0.4718533365384615 0.546761608173077
1 0.5207300673076923 0.5636927115384616 0.5120870480769231 0.5643168149038462 0.5132447403846154 0.5697211947115385 0.5225275072115385 0.5687323317307692 0.5207300673076923 0.5636927115384616
4 0.46369974999999997 0.329569 0.4577866899038462 0.3262890600961538 0.45035053365384614 0.3360064302884615 0.4469238317307692 0.3410902355769231 0.4562066009615385 0.340101375 0.4699312860576923 0.3414705913461538 0.4721069879807693 0.33670880048076923 0.4695351442307692 0.32956755769230767 0.46369974999999997 0.329569
4 0.44338314903846154 0.3478040480769231 0.44082695192307697 0.3316550264423077 0.42077742067307694 0.3241106153846154 0.4074566995192308 0.33014053846153846 0.4065604951923077 0.3341728149038462 0.4201555552884615 0.3461798173076923 0.44338314903846154 0.3478040480769231
4 0.4022118846153846 0.3260883389423077 0.3901835096153846 0.3399890264423077 0.39236424038461537 0.34833140384615385 0.38493590144230766 0.35354488221153846 0.3925324182692308 0.3634944495192308 0.4053765432692308 0.3598881610576923 0.40883956009615385 0.34989296153846156 0.4022118846153846 0.3260883389423077
4 0.6704813269230769 0.3853874951923077 0.6456708461538461 0.41518363461538466 0.6487762788461539 0.4190862355769231 0.6594318485576923 0.4116414591346154 0.6704813269230769 0.3853874951923077
4 0.583301891826923 0.9030344471153846 0.57926896875 0.9211796778846153 0.5817631466346154 0.9250395384615384 0.5870548942307692 0.9020683990384615 0.583301891826923 0.9030344471153846
3 0.5887701826923076 0.6184088389423077 0.5876666875000001 0.6297975120192307 0.5939423605769231 0.6322838221153847 0.6022512620192308 0.6320458461538461 0.6081514687499999 0.6267255096153845 0.6074418798076923 0.6193049951923076 0.6011092139423077 0.6176336899038462 0.5887701826923076 0.6184088389423077