3 0.27921131730769233 0.058933978365384616 0.2778835048076923 0.05297220913461539 0.25211331490384614 0.03821264182692308 0.24416829807692306 0.03750855288461538 0.2366217908653846 0.04057307211538462 0.23381583173076922 0.045128855769230765 0.23248856490384615 0.045767343749999995 0.23197689903846155 0.04940803605769231 0.23163578846153848 0.05183516346153846 0.22960716826923078 0.05526265865384616 0.22865927403846154 0.057604509615384616 0.23030906490384614 0.05907390625 0.2325465048076923 0.05856333653846154 0.2335895144230769 0.05994745432692308 0.23448110096153846 0.06461038221153846 0.23565694471153845 0.06725070432692307 0.2483430576923077 0.07604631490384615 0.25473339903846154 0.0790069735576923 0.2602135697115385 0.08183971634615385 0.2645178942307692 0.08203213942307691 0.27293685576923077 0.08156530288461537 0.2770132307692308 0.07677555528846154 0.27885216346153846 0.07249637259615385 0.27921131730769233 0.058933978365384616
3 0.5315680432692308 0.2313541418269231 0.532212545673077 0.22896965384615384 0.5317003341346154 0.22601008894230767 0.5322879831730769 0.22403012019230767 0.53001228125 0.22041020192307695 0.5265798629807692 0.21621520673076924 0.5241521923076923 0.20927383653846154 0.5203403990384615 0.2033754783653846 0.5162634831730769 0.20156497115384614 0.5129453149038462 0.20316118990384616 0.5102530600961539 0.2069079326923077 0.5103673076923078 0.21269914663461537 0.5132120745192308 0.21887411057692308 0.5160568389423077 0.22504907451923076 0.5176497788461538 0.2269229903846154 0.5200391875 0.22973386778846153 0.5239832716346154 0.2302881730769231 0.52646725 0.23022476201923076 0.5290272139423077 0.2318220745192308 0.5315680432692308 0.2313541418269231
2 0.18362614663461538 0.2987822764423077 0.18415749038461537 0.3038070841346154 0.18730510336538464 0.30342443028846156 0.1862806826923077 0.29750530048076923 0.18362614663461538 0.2987822764423077
2 0.26314957211538464 0.2744825961538461 0.25863642548076926 0.27137324759615383 0.2571954567307692 0.27282077403846156 0.2620879759615385 0.27763348798076926 0.2641357283653846 0.27627123557692307 0.26314957211538464 0.2744825961538461
2 0.24873768509615385 0.2625568653846154 0.2410769278846154 0.2598301730769231 0.24084952163461537 0.26144825721153847 0.2436560216346154 0.2634927307692308 0.24862398076923078 0.26336590625 0.24873768509615385 0.2625568653846154
2 0.27126405528846154 0.2607726033653846 0.26815470673076924 0.26528575 0.2704681298076923 0.26643590144230767 0.2736911802884615 0.2611137139423077 0.27126405528846154 0.2607726033653846
2 0.24991080528846155 0.23219590384615385 0.2489246466346154 0.23040726201923079 0.2458907403846154 0.229980875 0.24213634374999998 0.23027825 0.24289509375 0.23368497836538463 0.24991080528846155 0.23219590384615385
2 0.24653360576923078 0.20779561778846153 0.2556353341346154 0.20907478125 0.2546491778846154 0.20728613942307691 0.24687471634615385 0.20536848798076923 0.24653360576923078 0.20779561778846153
2 0.29742784615384615 0.21989846875 0.30508860576923075 0.22262516586538464 0.3047092307692308 0.22092180048076923 0.29765525240384616 0.21828038461538463 0.29742784615384615 0.21989846875
2 0.23924895432692306 0.16717074278846156 0.2334468076923077 0.16883037259615385 0.2345466682692308 0.16980996874999998 0.24023511057692307 0.16895938461538462 0.23924895432692306 0.16717074278846156
2 0.36288594230769233 0.2472485 0.36220372115384614 0.2521027548076923 0.36561700721153845 0.25423250721153845 0.36580614903846154 0.24848393269230767 0.36288594230769233 0.2472485
2 0.37335429326923075 0.2652201826923077 0.3778291730769231 0.2641990408653846 0.37817028365384614 0.26177191346153844 0.36664142788461535 0.26015163942307695 0.3664140216346154 0.2617697235576923 0.37335429326923075 0.2652201826923077
2 0.4430948581730769 0.2576961057692308 0.4506036466346154 0.2571013533653846 0.45022427163461537 0.2553979903846154 0.4429428894230769 0.2543746586538461 0.4430948581730769 0.2576961057692308
2 0.5108609302884616 0.22019372355769232 0.5095719278846154 0.22496269951923079 0.5118853533653847 0.22611285336538461 0.5130606514423077 0.22215291826923078 0.5108609302884616 0.22019372355769232
2 0.4281090048076923 0.18381302163461538 0.42473398557692305 0.18581376201923078 0.4257201418269231 0.1876024014423077 0.4298156466346154 0.18487789663461537 0.4281090048076923 0.18381302163461538
2 0.5566778653846154 0.2860344951923077 0.5632387644230769 0.28778159134615383 0.5636935793269231 0.2845454230769231 0.5564121947115385 0.28352209134615386 0.5566778653846154 0.2860344951923077
2 0.5661185264423076 0.25848550480769233 0.571011048076923 0.26329821634615386 0.5725657211538462 0.2610416442307692 0.56816628125 0.25712325240384615 0.5661185264423076 0.25848550480769233
2 0.4112437091346154 0.3126213413461538 0.407754985576923 0.315431125 0.4093479254807692 0.31730504086538464 0.41295035336538466 0.3136862163461539 0.4112437091346154 0.3126213413461538
2 0.4164390769230769 0.31087643509615387 0.41211616346153845 0.3152190240384615 0.41431588461538466 0.3171782211538462 0.4180320144230769 0.31275035336538465 0.4164390769230769 0.31087643509615387
2 0.5202774903846155 0.36012091826923076 0.5264590144230769 0.3601646514423077 0.5253591538461538 0.35918505528846156 0.5205048966346154 0.35850283413461537 0.5202774903846155 0.36012091826923076
2 0.574592641826923 0.4667571177884616 0.5701177620192308 0.4677782596153846 0.5695492427884615 0.4718234735576923 0.576185579326923 0.4686310360576923 0.574592641826923 0.4667571177884616
2 0.8415416826923077 0.5397503269230769 0.8491270024038461 0.5474165528846154 0.8506816754807692 0.5451599831730769 0.8423758725961539 0.5382175216346154 0.8415416826923077 0.5397503269230769
2 0.8384158605769231 0.8041432524038462 0.836177875 0.7980535673076923 0.8392872235576923 0.7935404230769231 0.8365944254807692 0.7906869062499999 0.8307168365384616 0.7972860673076922 0.8323480408653846 0.8032904759615385 0.8384158605769231 0.8041432524038462
2 0.8618157716346153 0.8181571899038461 0.8496046947115385 0.821391170673077 0.8518426802884616 0.8274808557692308 0.8623471153846154 0.823182 0.8618157716346153 0.8181571899038461
2 0.7562335408653845 0.7769178533653847 0.7592302764423077 0.7864142644230768 0.7641982355769231 0.7862874447115384 0.7592674519230769 0.7773442427884615 0.7562335408653845 0.7769178533653847
2 0.3623687620192308 0.41383036538461543 0.3698021153846154 0.41817514423076924 0.3713567884615384 0.4159185745192308 0.3622167980769231 0.4105089182692308 0.3623687620192308 0.41383036538461543
2 0.18799168028846153 0.3513722283653846 0.17870081009615385 0.35584163942307695 0.1787390745192308 0.35997213221153845 0.1895846201923077 0.3532461490384616 0.18799168028846153 0.3513722283653846
2 0.51959840625 0.8624641995192307 0.5266512908653846 0.8519051009615384 0.5242996009615385 0.8466244567307691 0.5153126682692307 0.8577367644230769 0.5160714182692308 0.8611434879807691 0.51959840625 0.8624641995192307
2 0.3188423701923077 0.07192896394230769 0.3131539278846154 0.07277954807692308 0.3135333028846154 0.07448291105769231 0.32054901442307693 0.0729938389423077 0.3188423701923077 0.07192896394230769
2 0.11026136538461538 0.04591490384615385 0.10419354567307693 0.04506212740384615 0.10385243509615384 0.04748925480769231 0.11003395673076924 0.047532990384615385 0.11026136538461538 0.04591490384615385