3 0.8444217403846154 0.6819262500000001 0.8473674951923077 0.6845178221153846 0.8508219447115385 0.6876418942307693 0.8533122067307691 0.6900026826923077 0.8571157451923077 0.6927541057692307 0.8583226153846154 0.6925413004807692 0.8577607211538462 0.6917070817307691 0.8592102836538462 0.6905181874999999 0.8631034711538461 0.6867207259615384 0.8696530889423078 0.6815215649038462 0.8651280576923077 0.6770307716346153 0.8631996875 0.6755042019230769 0.8609222283653846 0.6743502860576923 0.8571121225961539 0.6762665048076923 0.8513437692307692 0.6788391153846154 0.8459245024038461 0.6810390745192307 0.8444217403846154 0.6819262500000001
3 0.27034947836538464 0.5949358822115385 0.2687935144230769 0.5955213389423076 0.26871042788461535 0.5974025793269231 0.27074520192307694 0.5995325841346154 0.27267356971153844 0.60105915625 0.2767729951923077 0.6031362067307693 0.2803637283653846 0.6046807548076922 0.28299027884615385 0.6054620192307693 0.28580631490384617 0.6049654759615385 0.286049 0.6039893870192308 0.28664077884615385 0.6026406442307692 0.2949424134615385 0.5909105817307693 0.29513189903846154 0.5896327740384616 0.2940613125 0.5882660528846154 0.28990868509615386 0.5858872860576922 0.28607526442307696 0.5853188245192308 0.2836615216346154 0.5857444326923077 0.2719054375 0.5943504254807692 0.27034947836538464 0.5949358822115385
3 0.37861013701923074 0.08679922836538462 0.38498045673076925 0.09469783653846155 0.4007062451923077 0.08508078125 0.4386775576923077 0.06283047115384616 0.4326031274038461 0.054257495192307686 0.41758503125 0.03730636298076923 0.39432144711538464 0.01123177403846154 0.3375984519230769 0.021233567307692307 0.32881800961538465 0.030248170673076925 0.3336622475961538 0.03654927163461538 0.3502895072115385 0.053216665865384614 0.3585349951923077 0.062340122596153846 0.37861013701923074 0.08679922836538462
2 0.40460170673076923 0.02248523798076923 0.4092863413461538 0.027881187499999998 0.41223209615384615 0.030472759615384613 0.4178576009615385 0.0341473125 0.4293709975961538 0.02651741346153846 0.4321105144230769 0.023234471153846154 0.43487334615384615 0.022436211538461537 0.43991363942307693 0.02279186778846154 0.4562778413461538 0.016795427884615386 0.46132470192307695 0.012483442307692308 0.45023986057692306 0.0013718485576923076 0.3975397740384615 0.010664295673076921 0.3972438846153846 0.011338665865384616 0.40528313461538457 0.014587612980769231 0.4069156129807692 0.01678855048076923 0.4055192548076923 0.01827916346153846 0.40460170673076923 0.02248523798076923
2 0.29627521875 0.19620224278846152 0.2835083173076923 0.19907558894230767 0.28414673076923075 0.20269620673076924 0.2969136298076923 0.19982285817307693 0.29627521875 0.19620224278846152
2 0.2998258846153846 0.18810979326923077 0.31333759855769233 0.1894605 0.3146275576923077 0.18736645192307694 0.3002048557692308 0.1855541778846154 0.2998258846153846 0.18810979326923077
2 0.3008564014423077 0.1798395144230769 0.31458092067307697 0.18239709375 0.3155516730769231 0.17849273557692308 0.3020399543269231 0.17714203365384615 0.3008564014423077 0.1798395144230769
2 0.3165224206730769 0.17458838221153844 0.30654823798076924 0.17448050721153846 0.3061692668269231 0.17703612259615384 0.31624985096153846 0.17774743028846154 0.3165224206730769 0.17458838221153844
2 0.3332524639423077 0.17537161057692308 0.3471897884615384 0.17913606009615385 0.34826694230769234 0.17583514182692309 0.33352503605769235 0.1722125625 0.3332524639423077 0.17537161057692308
2 0.32259457932692304 0.24195943990384614 0.33282820192307694 0.2482435480769231 0.33481633894230767 0.24540419471153846 0.32538729567307695 0.23897821875 0.32259457932692304 0.24195943990384614
2 0.3382547067307692 0.2790187908653846 0.3270372019230769 0.28597431971153847 0.3299829567307692 0.2885658918269231 0.3431885985576923 0.2787710096153846 0.3382547067307692 0.2790187908653846
2 0.23699108173076924 0.33047297596153846 0.23999660336538461 0.328698625 0.23683804326923077 0.32490018028846157 0.2310529375 0.3203204711538462 0.22815381490384615 0.3226982572115385 0.23211695673076924 0.32635483173076923 0.23699108173076924 0.33047297596153846
2 0.2545691394230769 0.5289655360576924 0.25377768990384614 0.5197721225961538 0.24964838221153848 0.5198780360576923 0.2514572163461538 0.5301364495192308 0.2545691394230769 0.5289655360576924
2 0.33080067067307695 0.2790887427884615 0.3260329471153846 0.2755740360576923 0.32131186298076925 0.27702868990384616 0.3269905673076923 0.28100496153846155 0.33080067067307695 0.2790887427884615