1 0.2735852427884615 0.4903658197115384 0.26410689182692304 0.48731756490384615 0.25496497115384614 0.48835191586538457 0.24630419951923077 0.4963410649038461 0.24218618990384616 0.5114688990384615 0.25689327884615387 0.5906164975961539 0.2616784951923077 0.605161375 0.2718428653846154 0.6105825048076923 0.28522119230769233 0.6088771754807693 0.29950356971153846 0.5991704711538461 0.3007703653846154 0.5836670504807693 0.2816483221153846 0.49818770432692305 0.2735852427884615 0.4903658197115384
1 0.31834946153846155 0.47334973317307694 0.31035028846153845 0.4659313173076923 0.29754332932692307 0.4634102644230769 0.288179625 0.46696127163461537 0.27979138221153843 0.4786295576923077 0.3018059735576923 0.5843302019230769 0.30822824278846156 0.5915847884615385 0.3203999230769231 0.5979287596153846 0.33393613221153845 0.5933033028846154 0.3410030865384615 0.5830850552884616 0.34128126442307694 0.5652566802884615 0.31834946153846155 0.47334973317307694
1 0.38530117067307695 0.5905445312500001 0.3834235649038461 0.5610635288461538 0.36092216826923074 0.46991558894230767 0.3546277067307692 0.4634679375 0.34363635096153844 0.46065932211538463 0.3282375504807692 0.4672341370192308 0.32086799759615386 0.4775003125 0.3416477692307692 0.5656122211538461 0.34413998317307687 0.581347454326923 0.34887820913461537 0.5975541274038462 0.35631917067307695 0.6034066033653847 0.36746840384615387 0.6032950913461538 0.3806381129807692 0.5983140961538461 0.38530117067307695 0.5905445312500001
1 0.4253177596153846 0.5709716899038462 0.4206002451923077 0.4981000817307692 0.41333407451923077 0.4913927427884615 0.40366401682692304 0.4871340889423077 0.39041349519230767 0.4896463533653846 0.37939582211538464 0.49842238942307693 0.3834705528846154 0.5594017307692307 0.3866901225961538 0.5973555504807693 0.3934657355769231 0.6107580024038461 0.4243009230769231 0.6095964879807693 0.42890008173076927 0.6014234567307692 0.43000899519230773 0.5888401586538461 0.4253177596153846 0.5709716899038462
1 0.45530723317307686 0.4665469471153846 0.4427690480769231 0.4598474375 0.42783072836538466 0.4634542019230769 0.4203803605769231 0.4712516418269231 0.4253177596153846 0.5709716899038462 0.43042248798076926 0.5875339038461539 0.43722817548076925 0.5972092932692308 0.4454322211538461 0.6000457908653846 0.4560871442307692 0.5987718028846154 0.4645731201923077 0.5916375144230769 0.46752771634615387 0.57503959375 0.45929178365384615 0.4721196875 0.45530723317307686 0.4665469471153846
1 0.5095647764423077 0.5505972644230769 0.49034124519230765 0.452726329326923 0.4895236658653846 0.4416889278846154 0.47993442548076926 0.4398990048076923 0.47050681730769234 0.44304654567307694 0.4622764543269231 0.4517947043269231 0.46446978125 0.5420232379807692 0.4657309254807692 0.5480273245192308 0.47185434615384614 0.5631874278846154 0.4794231177884616 0.5698468365384616 0.4888845528846154 0.5708298269230769 0.49843996634615384 0.5684892211538461 0.504010826923077 0.5605758750000001 0.5095647764423077 0.5505972644230769
1 0.5494347451923077 0.5575173197115384 0.5507353725961539 0.5461444254807692 0.5294199591346154 0.4370243317307692 0.5220428966346154 0.43157532211538463 0.5099520336538462 0.4277000841346154 0.4998722355769231 0.43260527884615385 0.49036756490384614 0.4411416778846154 0.5099951826923077 0.5513562716346153 0.5146995817307692 0.5634324182692307 0.5180150288461538 0.568697545673077 0.5249447668269231 0.5713222812500001 0.5366352956730769 0.5707114471153847 0.5461098942307692 0.565902108173077 0.5494347451923077 0.5575173197115384
1 0.5986552572115384 0.5666786923076923 0.5754434230769231 0.4553774278846153 0.5696263557692307 0.4480269879807692 0.5596067091346154 0.4454780576923077 0.5444935913461538 0.44993968269230766 0.5345284399038461 0.46144413701923076 0.5514683774038461 0.5468555048076923 0.5571350745192307 0.5728412548076923 0.5629859711538462 0.5843222235576924 0.5819389182692307 0.582561139423077 0.5888385817307692 0.5889129350961538 0.5958754591346154 0.5824217500000001 0.5986552572115384 0.5666786923076923
3 0.6152230841346154 0.6066542403846154 0.627471829326923 0.6076093533653846 0.6335370024038462 0.6008584807692308 0.6294678798076923 0.5849594182692308 0.6308154927884615 0.5719247283653845 0.6290731971153847 0.55896584375 0.6333791634615384 0.5371908221153846 0.6298513389423076 0.5207924375 0.621104139423077 0.48123257692307697 0.6163715673076923 0.4435183942307692 0.6099117139423077 0.4242756899038461 0.602215141826923 0.41680934375 0.5961969567307692 0.42189841826923075 0.5911298100961538 0.4173243197115385 0.5853164975961538 0.41783147115384617 0.5810838413461539 0.42636004326923077 0.5766087331730769 0.4274824182692308 0.5735056682692308 0.43335055048076926 0.5753757668269232 0.4471163725961539 0.5897332668269231 0.5279736923076923 0.5957025625 0.553911514423077 0.60322434375 0.5622327235576923 0.6051076033653846 0.57020621875 0.6087124903846154 0.5812157403846154 0.6120448509615385 0.5885461346153846 0.6152230841346154 0.6066542403846154
1 0.6997671346153846 0.4745638245192308 0.697423391826923 0.46955838221153845 0.6890107259615385 0.4634462235576923 0.676267670673077 0.46132863701923077 0.6664096586538462 0.4637171706730769 0.6658551995192308 0.4700088173076923 0.6605399495192308 0.4795360360576923 0.6539747740384616 0.5732197235576924 0.6575627451923077 0.5821639855769231 0.664415423076923 0.590177579326923 0.6739576754807692 0.5936293004807692 0.6894241322115384 0.5953155384615385 0.6975605192307692 0.5898909759615385 0.7028946274038461 0.48647613942307694 0.6997671346153846 0.4745638245192308
1 0.5103935745192307 0.6517952259615385 0.5142465673076922 0.6487034399038462 0.5264953100961539 0.649658548076923 0.5377216057692308 0.6441581826923077 0.5901354134615384 0.6362702379807692 0.5955183197115385 0.6350040817307693 0.5973771586538461 0.6251971298076923 0.5957457548076923 0.6109799134615385 0.5910376033653846 0.5910461754807692 0.5834049326923076 0.5839833004807692 0.5159550745192308 0.5909440096153846 0.49427872115384613 0.5931364399038461 0.4841519375 0.5997034302884615 0.4817518004807692 0.610009704326923 0.4827949158653846 0.6263880384615385 0.48716663701923074 0.642239173076923 0.4930306947115385 0.6479278149038462 0.5072059350961539 0.6473370336538462 0.5103935745192307 0.6517952259615385
1 0.48455787740384615 0.6492697788461539 0.48337004086538465 0.6300192451923077 0.47958660576923073 0.6120069903846154 0.4740721394230769 0.6046086225961539 0.4327098341346154 0.6078510600961539 0.4257030336538462 0.6106151802884615 0.39413484134615384 0.6110656153846153 0.3879418605769231 0.6170095528846153 0.38321114423076924 0.6165180576923077 0.3843557451923077 0.6452879807692308 0.38727836778846153 0.66178221875 0.4061204230769231 0.6612794639423077 0.40983244471153846 0.6631730697115384 0.4153262451923077 0.6606485817307692 0.4572768365384615 0.6552450264423076 0.4616410504807692 0.6553809783653846 0.4648888413461538 0.6523850480769231 0.48455787740384615 0.6492697788461539
1 0.3241325745192307 0.6763330048076923 0.33349627884615385 0.6727819975961539 0.35619132451923075 0.6691874543269231 0.3839497620192308 0.6623094182692307 0.38118501923076925 0.6428950528846153 0.37520256250000006 0.6227495552884614 0.3652938076923077 0.6189422956730769 0.31929851682692306 0.6262272355769232 0.2762446586538462 0.6227065793269231 0.26840146634615386 0.6417331322115385 0.2686175985576923 0.6607239807692308 0.27169810096153846 0.67429809375 0.2768291514423077 0.67927565625 0.30477929567307693 0.6736080216346154 0.3121394447115385 0.676991764423077 0.3241325745192307 0.6763330048076923
4 0.25001613942307693 0.6314102427884615 0.25190315384615386 0.647241329326923 0.2569703028846154 0.6518154254807692 0.2628306033653846 0.6496464807692307 0.2651104423076923 0.6542484519230769 0.2683112427884615 0.6529143173076922 0.26774927644230767 0.6434907836538462 0.2757672644230769 0.6236093677884615 0.27571652163461535 0.6174135745192307 0.268565 0.6173054975961538 0.2613025841346154 0.6184557524038462 0.25001613942307693 0.6314102427884615
1 0.33581188701923076 0.5855616129807693 0.33292684615384616 0.5810554975961538 0.3237172692307692 0.5738287860576923 0.3190034639423077 0.5754025576923077 0.31905420673076923 0.5815983509615384 0.3279311105769231 0.5926000480769231 0.33581188701923076 0.5855616129807693
1 0.37099812740384613 0.5903283774038461 0.3601383341346154 0.5961842884615385 0.3602360649038462 0.6007182860576923 0.3706184639423077 0.5957651658653846 0.37099812740384613 0.5903283774038461
1 0.44748276682692306 0.5914492403846153 0.4509053533653846 0.5875984471153847 0.4492946177884616 0.5833040865384616 0.4381622980769231 0.5854808605769231 0.43846865384615386 0.5932905240384615 0.44748276682692306 0.5914492403846153
1 0.4830938052884616 0.5518947331730769 0.48175935096153844 0.5591370961538462 0.4892942908653846 0.5616659783653846 0.4912978485576923 0.5547312283653846 0.4830938052884616 0.5518947331730769
1 0.5345264975961539 0.5573970216346154 0.5262453918269231 0.5599493846153846 0.5285891346153846 0.564954826923077 0.5374115384615384 0.5619031394230769 0.5345264975961539 0.5573970216346154
4 0.42629149038461533 0.3421029158653846 0.41979215625 0.34023718990384616 0.41473251923076926 0.35137827403846156 0.41253725 0.35710262259615383 0.42135965865384617 0.3540509375 0.43504058653846156 0.3522976778846154 0.4360893557692308 0.34716850721153847 0.43197699999999994 0.34078883173076924 0.42629149038461533 0.3421029158653846
4 0.41059759375 0.36444084134615384 0.40447417307692307 0.34928073798076925 0.3832413894230769 0.34643985096153845 0.3716185144230769 0.3553117403846154 0.37165234375 0.3594422692307692 0.38759995192307695 0.36808331009615386 0.41059759375 0.36444084134615384
4 0.36559657692307695 0.3525432235576923 0.3570034615384615 0.3687934326923077 0.3610049278846154 0.3764314375 0.3549397548076923 0.3831823076923077 0.3645797379807692 0.3911680240384615 0.37628343028846156 0.3847648653846154 0.37740925961538463 0.37424683413461535 0.36559657692307695 0.3525432235576923
4 0.6403296995192308 0.3499750528846154 0.62285778125 0.3845886610576923 0.6267615144230769 0.38769266826923077 0.6354692740384615 0.37804172115384616 0.6403296995192308 0.3499750528846154
4 0.6718298942307693 0.8739658509615384 0.6719821225961538 0.8925532331730769 0.6752806562500001 0.8957530961538461 0.6752693942307691 0.8721803221153847 0.6718298942307693 0.8739658509615384
3 0.6131312019230769 0.5954050817307692 0.6146178846153846 0.6067500961538461 0.6212920096153846 0.6077609639423077 0.6293344206730769 0.6056599903846154 0.6338865913461539 0.5991487572115385 0.6315259350961538 0.5920780528846155 0.6249796129807692 0.5918741225961539 0.6131312019230769 0.5954050817307692