3 0.1696133173076923 0.20459831490384614 0.4775775817307692 0.13473714903846154 0.4719944278846154 0.12672491826923077 0.16403016346153845 0.19658608413461537 0.1696133173076923 0.20459831490384614
3 0.47333445673076924 0.05104198557692308 0.49097003605769235 0.049703519230769225 0.49993964663461543 0.035359377403846155 0.5002804615384615 0.025599701923076923 0.4586252331730769 0.04319964663461539 0.47333445673076924 0.05104198557692308
4 0.3493028870192308 0.26363973076923075 0.3244730360576923 0.24713812980769229 0.32342579567307694 0.3330914423076923 0.30808296634615384 0.3247383966346154 0.28428484615384614 0.3346560817307692 0.32435528365384614 0.3624386322115385 0.3456360240384615 0.34999014182692306 0.3493028870192308 0.26363973076923075
2 0.3185614495192307 0.3231499975961538 0.31867454086538466 0.2826018990384615 0.30489790144230766 0.32267285576923077 0.3185614495192307 0.3231499975961538
3 0.44851849278846156 0.42589255288461536 0.44346979567307687 0.4398850360576923 0.45485453605769227 0.4309996009615385 0.45072603846153847 0.4186409591346154 0.43445991346153845 0.4180729326923077 0.39097512980769233 0.45075493269230765 0.39402386538461537 0.45672434375000004 0.4077044519230769 0.4567135 0.4375427307692308 0.423066375 0.44851849278846156 0.42589255288461536
3 0.4818888125 0.6268866298076923 0.5085652620192308 0.6278181923076923 0.5167819807692308 0.616379233173077 0.5232884302884615 0.6166064447115385 0.5291411418269231 0.5982448269230769 0.5164860961538461 0.5875427475961538 0.4703754975961539 0.5834896346153846 0.46767376923076925 0.6048927596153846 0.4818888125 0.6268866298076923
2 0.6457615360576923 0.5046015264423077 0.6553198197115384 0.5293642524038462 0.67481128125 0.5681540625 0.7116083581730769 0.5777448846153846 0.7124634903846154 0.5719118004807693 0.6982856274038463 0.5675080673076923 0.7143952908653847 0.5539018413461538 0.6745262451923076 0.5016973798076922 0.6372117548076923 0.46961386057692306 0.617780701923077 0.4850584158653846 0.5821485913461538 0.47941690625 0.5665222596153846 0.5164917956730769 0.6126979230769231 0.5000268677884615 0.6190680480769231 0.5041579471153846 0.6457615360576923 0.5046015264423077
4 0.8758823052884614 0.49993446874999997 0.8886876225961539 0.4876785913461538 0.8770921995192308 0.4652876201923077 0.8627268870192307 0.4662517091346154 0.8427102572115385 0.4611555024038462 0.8314107187499999 0.4676010192307692 0.8343572115384615 0.4764983317307693 0.8150113629807693 0.48950296875000004 0.8507286778846154 0.4927045600961538 0.8758823052884614 0.49993446874999997
2 0.8255425024038462 0.598335235576923 0.7789315336538463 0.5713014423076923 0.7668961466346154 0.58016415625 0.8120013389423076 0.6130083125 0.8255425024038462 0.598335235576923
3 0.6442882475961539 0.8079575625 0.6302838870192308 0.8172400961538462 0.6350971105769231 0.8286454927884616 0.6440698149038462 0.8328674567307692 0.6652312716346154 0.8238348533653846 0.6756586346153846 0.8237104062499999 0.6851596033653846 0.8128048725961539 0.7046789543269232 0.8134865048076924 0.6977604302884616 0.8064048004807692 0.6946776129807692 0.8014113557692307 0.6811844735576924 0.7960543774038461 0.6673846009615385 0.7994811057692307 0.6611538990384616 0.8100122596153846 0.6442882475961539 0.8079575625
4 0.3016384567307692 0.4906301682692308 0.30263301442307694 0.49945931730769233 0.3105259591346154 0.49729205288461537 0.32093627884615383 0.49765558894230766 0.324067125 0.48261897355769234 0.31110534375000004 0.4807006033653846 0.29173936057692307 0.47562711778846156 0.2696515096153846 0.4738786346153846 0.2679753221153846 0.48456883653846156 0.28477281009615385 0.48857546875 0.3016384567307692 0.4906301682692308
2 0.33948126923076927 0.09717993269230768 0.33608862019230773 0.08240409374999999 0.3033007548076923 0.08858779807692309 0.30806285576923076 0.10145714663461539 0.33948126923076927 0.09717993269230768
4 0.3949533822115385 0.28086840625 0.4603044855769231 0.2562786778846154 0.45602262259615384 0.24831188942307694 0.4005504807692307 0.26982654567307696 0.3911858365384615 0.27682820913461537 0.3949533822115385 0.28086840625
4 0.8586866346153846 0.8804255096153846 0.8565100745192308 0.86813503125 0.8446791778846153 0.8711419374999999 0.8441849951923076 0.88529346875 0.8586866346153846 0.8804255096153846