3 0.4312304735576923 0.6397309423076922 0.4526878846153846 0.6357720673076923 0.48250225240384614 0.6248775625 0.4932694711538461 0.6216636947115385 0.4957961177884615 0.62329103125 0.4906298076923077 0.6285662836538461 0.5132628365384615 0.6261874543269231 0.5431772740384615 0.6194468124999999 0.5608553942307692 0.6147494158653847 0.5725390528846154 0.6042462067307692 0.5888464639423077 0.599314298076923 0.5818697932692308 0.5873651490384616 0.5722174711538461 0.5883796490384615 0.5647786394230769 0.5912436899038462 0.5489957932692308 0.5883595769230769 0.5343705721153846 0.5900860384615385 0.51845503125 0.5955446274038462 0.5097635552884616 0.5992974879807692 0.4958433653846154 0.6013284302884615 0.47724375721153844 0.60366190625 0.44360906009615386 0.6102256947115385 0.43409448076923074 0.6125507475961538 0.41796417067307695 0.6191676514423077 0.4169690264423077 0.6257081033653846 0.42016976923076926 0.6433542379807692 0.42633796634615384 0.6444095456730768 0.4312304735576923 0.6397309423076922
2 0.5202654879807692 0.5007093605769231 0.4984735504807692 0.5014854663461539 0.4968700769230769 0.5054397980769231 0.5196998822115385 0.5049331875 0.5202654879807692 0.5007093605769231
2 0.5856255096153846 0.5430551370192307 0.5642271322115385 0.5475756754807692 0.5649928798076923 0.5516595697115385 0.5882702259615384 0.5458058052884616 0.5856255096153846 0.5430551370192307
2 0.8284218774038461 0.3685650072115385 0.8087467259615385 0.37347230048076924 0.8106667307692308 0.3757312692307692 0.8306943990384615 0.37097621634615385 0.8284218774038461 0.3685650072115385
2 0.6354609062500001 0.40247490144230774 0.6294501322115384 0.40291736778846154 0.6252249855769231 0.4107437572115385 0.6293961514423076 0.4120089615384615 0.6354609062500001 0.40247490144230774
2 0.27781658413461535 0.66569846875 0.28707703125 0.6641572884615384 0.2878000576923077 0.6614312355769231 0.25897915625 0.6625675336538461 0.25718058653846154 0.6678673990384615 0.27781658413461535 0.66569846875
2 0.5313568365384616 0.81755075 0.5366822548076923 0.8169910264423077 0.5432192764423077 0.8119502884615385 0.5489725552884616 0.8058561850961539 0.5434700360576923 0.8047309134615385 0.5287121201923077 0.8148000817307692 0.5313568365384616 0.81755075
2 0.9376300985576923 0.3158215504807692 0.9298207548076923 0.32156388461538465 0.9353823076923077 0.3232508221153846 0.9411946177884616 0.3177183822115385 0.9376300985576923 0.3158215504807692
2 0.9196316466346153 0.1573846658653846 0.9302020913461538 0.1522985793269231 0.9190233221153845 0.15479854326923076 0.9196316466346153 0.1573846658653846
2 0.9245640408653847 0.1915063125 0.9107405552884615 0.19125561057692309 0.9089403004807692 0.19333772596153848 0.9214521081730769 0.19391557932692308 0.9245640408653847 0.1915063125
2 0.762414266826923 0.21119900240384615 0.7505894975961538 0.21395615384615382 0.75115846875 0.21616783173076926 0.7639620769230769 0.21311850961538464 0.762414266826923 0.21119900240384615
2 0.7754984134615385 0.2204240408653846 0.7707599615384615 0.22016491105769231 0.7644967451923077 0.224609 0.7705271971153846 0.22435375721153847 0.7754984134615385 0.2204240408653846
2 0.40423652884615385 0.3156643557692308 0.38696827403846157 0.31785790144230763 0.38720440865384614 0.3201045625 0.4031609831730769 0.3182381682692308 0.40423652884615385 0.3156643557692308
2 0.43056171634615387 0.29718639903846156 0.4138821129807692 0.30177884615384615 0.41507740625 0.3035461129807692 0.4302108846153846 0.30025191346153846 0.43056171634615387 0.29718639903846156
2 0.6178301274038461 0.2731500264423077 0.6010127788461539 0.2764319206730769 0.601739173076923 0.28014137259615385 0.6177924567307692 0.27599333653846153 0.6178301274038461 0.2731500264423077
2 0.5649807572115384 0.2665901610576923 0.5703685769230769 0.2730276105769231 0.5762022499999999 0.27090014423076925 0.5715784951923077 0.2653288413461538 0.5649807572115384 0.2665901610576923
2 0.4611204735576923 0.2869708173076923 0.4596744182692308 0.2924229230769231 0.4650982259615385 0.29279930528846154 0.4648407307692307 0.28714767307692307 0.4611204735576923 0.2869708173076923
2 0.2309231394230769 0.3668167788461538 0.2436283581730769 0.3628313485576923 0.24206086778846153 0.36072462019230767 0.22829810096153846 0.3642533317307692 0.2309231394230769 0.3668167788461538
2 0.046628817307692305 0.499193 0.05854860817307693 0.49093645192307694 0.05447583413461539 0.4906073581730769 0.045061329326923076 0.4970862716346154 0.046628817307692305 0.499193
2 0.11769097836538461 0.5125459639423077 0.12344762259615384 0.5128873629807692 0.12458219951923076 0.5108752163461538 0.11682683653846154 0.5075259591346154 0.11348045673076923 0.5109063173076923 0.11769097836538461 0.5125459639423077
2 0.3964038485576923 0.6509629663461538 0.3784716009615385 0.6564442307692308 0.3806080625 0.6607626394230769 0.3942921177884615 0.6564850360576924 0.3964038485576923 0.6509629663461538
2 0.5332392668269231 0.7105933581730769 0.5168385192307693 0.7242424158653846 0.5244938076923077 0.7234378125 0.5358266322115385 0.7160001153846154 0.5332392668269231 0.7105933581730769
4 0.7158988389423077 0.33534064423076926 0.7064826490384615 0.3386018052884615 0.7067778173076923 0.34141013221153843 0.7179762668269232 0.33909738942307693 0.7158988389423077 0.33534064423076926
2 0.23296217307692307 0.559110358173077 0.22711218749999998 0.5674861081730769 0.23603979807692307 0.56597990625 0.2396583028846154 0.5587851490384615 0.23296217307692307 0.559110358173077
2 0.03729586298076923 0.47443050000000003 0.039545341346153846 0.4702189807692308 0.03492495432692308 0.4710831826923077 0.03461516105769231 0.47774089182692303 0.039960257211538466 0.4773683894230769 0.03729586298076923 0.47443050000000003