3 0.7280899975961539 0.18424938942307692 0.7310663197115385 0.18169297836538462 0.7346407548076923 0.17870693509615385 0.7373251466346153 0.17656946634615386 0.7405791418269231 0.17318586778846154 0.7405363725961538 0.171961125 0.7396320697115384 0.17240144951923078 0.7386564879807692 0.17080053365384615 0.7354378076923077 0.16641673076923078 0.7312007764423077 0.15920726923076925 0.7261239254807692 0.16306326682692307 0.7243438341346154 0.1647604110576923 0.7228841850961539 0.16685511298076922 0.7242514927884615 0.17089482451923077 0.7259962668269231 0.1769650793269231 0.7274206009615385 0.18263778125 0.7280899975961539 0.18424938942307692
3 0.5620507956730769 0.7406281009615385 0.5624140072115384 0.7422504014423077 0.5642653774038462 0.7425944951923077 0.5666578389423077 0.7408759663461539 0.5684379302884616 0.7391788221153845 0.5710652980769231 0.735408360576923 0.5730945480769231 0.73206753125 0.5742337548076922 0.7295752740384616 0.5741339591346154 0.7267175384615385 0.5732011442307692 0.7263413677884615 0.571947889423077 0.7255676394230769 0.5614873461538461 0.7157142860576923 0.5602483461538461 0.7153488100961538 0.5587459278846154 0.7162187668269231 0.5558123774038461 0.7199999206730769 0.5547159399038462 0.7237169206730769 0.5548014783653846 0.72616640625 0.5616875841346154 0.7390058028846155 0.5620507956730769 0.7406281009615385
3 0.07392626682692308 0.5627020721153846 0.08263458413461539 0.5574930216346154 0.07529972596153846 0.5405818413461538 0.058550540865384616 0.4998834182692308 0.04921559855769231 0.5047056033653846 0.030339319711538464 0.5172184038461538 0.0012808197115384615 0.5366267067307692 0.0032909615384615386 0.5941896586538461 0.010995834134615384 0.6041392403846154 0.017909802884615387 0.6002190913461539 0.036729055288461536 0.5860732980769231 0.04691127403846154 0.5791777932692308 0.07392626682692308 0.5627020721153846
2 0 0.4999488245192308 0.0011667692307692308 0.5333607235576923 0.0017933966346153846 0.5337475889423077 0.006129572115384615 0.5262387403846154 0.008536288461538461 0.5249284591346154 0.009818057692307692 0.5265186826923076 0.013855502403846153 0.528012673076923 0.01985091346153846 0.5241246009615385 0.02282723557692308 0.5215681899038461 0.027248947115384614 0.5165088317307692 0.02129565625 0.5040456057692307 0.01842593028846154 0.5008758533653845 0.01801994951923077 0.49802881250000003 0.019073617788461537 0.4930870673076923 0.01541299278846154 0.4760475793269231 0.011845358173076923 0.4704497235576923 0 0.47935347596153843 0 0.4999488245192308
2 0.17080577163461538 0.6594616706730769 0.17187434615384617 0.6725042163461539 0.17554857692307693 0.6723759086538461 0.17448000240384615 0.6593333629807692 0.17080577163461538 0.6594616706730769
2 0.1632862355769231 0.6548193076923077 0.16650426442307692 0.6416270697115384 0.16461012259615385 0.6400582307692309 0.16080823317307694 0.6540883509615385 0.1632862355769231 0.6548193076923077
2 0.15523986057692307 0.6526478197115384 0.15968263461538462 0.6394128124999999 0.15595137740384615 0.6379081274038462 0.15273335096153845 0.6511003677884616 0.15523986057692307 0.6526478197115384
2 0.15222012259615386 0.6364034423076923 0.15072515865384617 0.6462655456730769 0.15320315865384615 0.6469965024038462 0.15531049278846154 0.6371130168269231 0.15222012259615386 0.6364034423076923
2 0.1553240985576923 0.6199452187500001 0.16099161538461537 0.6066674447115384 0.15787273076923075 0.6051413725961539 0.15223372836538462 0.6192356466346154 0.1553240985576923 0.6199452187500001
2 0.21978061057692308 0.6397666201923078 0.2274278076923077 0.6305071682692307 0.22489278125 0.6281432187499999 0.2172170721153846 0.6365861754807691 0.21978061057692308 0.6397666201923078
2 0.25865877163461537 0.6294165576923076 0.2639854326923077 0.6414929182692308 0.2669617548076923 0.6389365072115385 0.2591000673076923 0.6244961971153846 0.25865877163461537 0.6294165576923076
2 0.29551903365384613 0.736855733173077 0.29418023798076925 0.7336325192307692 0.2899791730769231 0.7362316971153846 0.2846389014423077 0.7413231322115384 0.28659006971153844 0.7445249639423076 0.2907626201923077 0.7411092860576923 0.29551903365384613 0.736855733173077
2 0.4945262716346154 0.7470735673076923 0.48531218028846157 0.7465778389423078 0.484842375 0.7506817019230769 0.4952526947115385 0.7503181658653847 0.4945262716346154 0.7470735673076923
2 0.009778490384615385 0.22690944471153845 0.012185860576923077 0.24317520673076926 0.01588860096153846 0.24386339423076922 0.014065091346153847 0.22675975240384616 0.009778490384615385 0.22690944471153845
2 0.25769063942307696 0.6368077884615384 0.25354660096153847 0.6410399591346153 0.25433004807692305 0.6459175480769231 0.2590579471153846 0.6408475 0.25769063942307696 0.6368077884615384