3 0.25212285817307695 0.6430561586538462 0.24736331009615384 0.6492948725961539 0.24626745192307692 0.6588301514423077 0.265671375 0.6821993629807692 0.2717140408653846 0.6836397740384614 0.28626997836538465 0.6964296610576923 0.2925142908653846 0.6923467668269231 0.28093346634615385 0.6750260793269232 0.27935387740384615 0.6661578653846154 0.26024562740384616 0.6452409447115385 0.25212285817307695 0.6430561586538462
4 0.20896460336538464 0.42563347115384614 0.2009422548076923 0.4213186346153846 0.19152837740384615 0.4240867788461538 0.1972697764423077 0.4319173389423077 0.21034894230769233 0.42991934375 0.20896460336538464 0.42563347115384614
3 0.3755349350961538 0.3857868317307692 0.37246019471153846 0.3911844759615385 0.3700804206730769 0.3943038365384615 0.37394335817307695 0.39586671153846154 0.38087704086538465 0.3983479711538462 0.40227982211538466 0.3942746658653846 0.4017896971153846 0.38597682211538464 0.3965408245192308 0.38265448798076923 0.3755349350961538 0.3857868317307692
3 0.3791618701923077 0.44719087740384617 0.36895579567307696 0.44931453365384616 0.3584556514423077 0.4464594855769231 0.3550828389423077 0.4531944543269231 0.3650840697115385 0.46164692548076924 0.37320683894230766 0.46383171634615383 0.38925632932692306 0.46488215624999996 0.38837170673076926 0.45373565384615383 0.38302720192307693 0.4449641346153846 0.3791618701923077 0.44719087740384617
3 0.8908401923076923 0.3604523653846154 0.8851920240384616 0.36186061298076927 0.8770580673076923 0.37736070673076927 0.8779450889423077 0.38471759134615385 0.8815099567307693 0.3876177908653846 0.8853752884615385 0.3853910480769231 0.8904289134615385 0.38413103846153845 0.8976702548076924 0.3701165 0.8957917932692308 0.3638488173076923 0.8908401923076923 0.3604523653846154
3 0.88191084375 0.38036079807692313 0.8787388798076923 0.3828356658653846 0.8813115072115385 0.3880882692307692 0.8846827187499999 0.3838797139423077 0.88191084375 0.38036079807692313
3 0.883244045673077 0.46549186057692304 0.8774970528846153 0.4665037451923077 0.8682816225961538 0.4688014086538462 0.8624358052884615 0.46941693028846154 0.8650076346153847 0.4759327403846154 0.8800640889423076 0.4805987932692308 0.8920505937500001 0.48308325 0.9177132115384615 0.47963185576923073 0.9135585961538462 0.46930065625 0.883244045673077 0.46549186057692304
4 0.4729767572115385 0.6183032620192308 0.4772373870192308 0.6176619663461539 0.49300798557692305 0.5897327860576923 0.4880571826923077 0.5850731274038462 0.47993201442307687 0.5866779567307693 0.4697251442307693 0.5900648221153847 0.4703244807692308 0.5823373461538461 0.45883050000000003 0.5843611153846153 0.4668424591346154 0.6050976322115384 0.4729767572115385 0.6183032620192308
3 0.5970103076923077 0.9448091754807693 0.6063253605769231 0.9416446658653845 0.6241616802884615 0.9371975721153846 0.6356540649038462 0.9377002163461537 0.6506045048076923 0.9533387620192308 0.6683268149038462 0.9724962211538462 0.6768512740384616 0.9661608100961538 0.6681355600961538 0.9615978461538461 0.6696283100961539 0.9511216081730769 0.6523044927884616 0.9284967740384615 0.6350818966346155 0.9024786850961538 0.6048853485576923 0.8687493028846155 0.5993439951923076 0.8579218509615385 0.59430315625 0.8389705600961539 0.5655626033653847 0.8528724254807692 0.5590234206730769 0.8532398197115385 0.5411775120192307 0.8728453870192308 0.5349292091346154 0.8832443100961539 0.5246179206730769 0.8950772548076924 0.5107329759615384 0.9179052668269231 0.5140953990384616 0.9275919783653847 0.5181519903846155 0.9362636081730769 0.5239922115384615 0.9444905288461538 0.5413296129807692 0.9456408605769231 0.5599557283653847 0.945627875 0.5825452019230769 0.9450477115384615 0.5970103076923077 0.9448091754807693
4 0.6428732956730769 0.8020215312500001 0.607791204326923 0.8170835120192308 0.6508628798076923 0.8581278197115385 0.6428732956730769 0.8020215312500001
4 0.15524043990384614 0.935811122596154 0.139092125 0.9343643197115384 0.13829513701923077 0.9412990673076924 0.13561489663461537 0.9495453701923077 0.14046208173076924 0.9613879038461538 0.14511641346153847 0.9648584735576923 0.15524043990384614 0.935811122596154
4 0.30913167548076925 0.42213013221153844 0.28534751923076923 0.4318492091346154 0.30793779326923076 0.43000584375 0.30913167548076925 0.42213013221153844