3 0.6734752259615384 0.9617285192307693 0.6741725913461539 0.9677964230769232 0.6982588125 0.9851688533653846 0.7060867091346155 0.9866995649038461 0.7139122067307693 0.9844406586538461 0.7171790024038462 0.9802031346153846 0.7185657379807692 0.9797068822115385 0.71945515625 0.9761396177884615 0.7200481033653846 0.9737614423076923 0.7224238822115385 0.9705647716346154 0.7236113725961538 0.9683348317307693 0.7221242115384615 0.9667010336538462 0.7198456586538462 0.9669749302884616 0.7189530456730769 0.9654893701923076 0.7185537524038461 0.9607587884615385 0.7176603365384615 0.9580100216346155 0.7059631129807692 0.9479365360576922 0.6999172524038462 0.9443241225961538 0.6947632043269232 0.9409340649038461 0.6905025721153847 0.9402927716346153 0.6820809326923077 0.9398770288461538 0.6775262235576923 0.9442144423076922 0.6752500697115384 0.9482779615384616 0.6734752259615384 0.9617285192307693
3 0.44052375240384617 0.7638744278846155 0.43963353365384616 0.7661784855769231 0.4398335793269231 0.7691753774038462 0.43904218509615384 0.7710830745192307 0.4409270360576923 0.7749210384615384 0.44390215625 0.7794518389423076 0.4455909591346154 0.7866089423076923 0.4487653221153846 0.7928734302884616 0.45263065625 0.795100173076923 0.45609749759615387 0.7938595432692307 0.45916664423076925 0.7904147427884615 0.45965836778846153 0.7846433100961538 0.4574746442307692 0.7782048149038462 0.4552909230769231 0.7717663197115385 0.45390258894230767 0.7697361610576923 0.4518200865384615 0.7666909206730769 0.44795555048076924 0.7657273822115385 0.44547854807692305 0.7655308004807692 0.44309957451923077 0.7636746490384615 0.44052375240384617 0.7638744278846155
2 0.7936077451923077 0.7331855048076924 0.7936045480769232 0.7281326826923077 0.7904341778846155 0.7281842235576923 0.7908342716346154 0.7341780120192307 0.7936077451923077 0.7331855048076924
2 0.7119799495192307 0.7490396081730769 0.7161433557692308 0.7526036754807692 0.7177277403846154 0.7513146995192308 0.7133650865384615 0.7460169423076923 0.711186158653846 0.7471576850961538 0.7119799495192307 0.7490396081730769
2 0.7250663076923077 0.7624064591346154 0.7324000817307692 0.7659189831730769 0.7327953774038461 0.7643335336538463 0.7302179567307692 0.7620069014423076 0.7252639567307693 0.7616137355769231 0.7250663076923077 0.7624064591346154
2 0.7024768341346154 0.7618263004807692 0.7060409014423077 0.7576628942307693 0.7038603725961539 0.7562772235576923 0.7000986586538461 0.7612333557692307 0.7024768341346154 0.7618263004807692
2 0.72072603125 0.7924784759615384 0.7215198197115384 0.7943604014423078 0.7244925384615384 0.7951015817307692 0.728257451923077 0.7951982764423077 0.7278589591346154 0.7917309014423076 0.72072603125 0.7924784759615384
2 0.7215342019230769 0.8170981105769232 0.7126160432692308 0.8148745625 0.7134098341346153 0.8167564879807692 0.7209412572115385 0.8194762860576923 0.7215342019230769 0.8170981105769232
2 0.6721838605769231 0.7997416610576923 0.6648500841346153 0.7962291346153846 0.6650493317307693 0.7979628245192308 0.6717885625 0.8013271105769231 0.6721838605769231 0.7997416610576923
2 0.7245324951923077 0.8582618894230769 0.7304763341346153 0.8572178413461539 0.7294848942307692 0.8561286442307693 0.7237387043269231 0.8563799663461539 0.7245324951923077 0.8582618894230769
2 0.6099432067307693 0.7656992235576923 0.6111290985576923 0.7609428701923077 0.6079571298076923 0.758468 0.6071681346153845 0.7641653125 0.6099432067307693 0.7656992235576923
2 0.6014107548076922 0.7467317499999999 0.5968536514423077 0.747279545673077 0.5962607043269231 0.7496577211538462 0.6075570384615385 0.7524742139423076 0.6079523365384616 0.750888764423077 0.6014107548076922 0.7467317499999999
2 0.5312657548076923 0.7469247355769231 0.5237359326923077 0.7467313461538462 0.5239351778846154 0.7484650360576922 0.531069704326923 0.7502438725961539 0.5312657548076923 0.7469247355769231
2 0.4599508461538461 0.7771381923076923 0.46173128124999996 0.7725300769230768 0.4595507548076923 0.7711444062499999 0.4579679663461539 0.7749597956730769 0.4599508461538461 0.7771381923076923
2 0.5384466298076923 0.8219695264423077 0.5420122932692307 0.8203325336538462 0.5412185048076923 0.8184506105769231 0.5368606466346153 0.82073209375 0.5384466298076923 0.8219695264423077
2 0.4212671346153846 0.7068689302884615 0.41492480048076924 0.7044456009615385 0.4141342043269231 0.7076165024038462 0.42126873317307695 0.7093953413461538 0.4212671346153846 0.7068689302884615
2 0.4089985384615385 0.7332801850961539 0.40463588461538463 0.7279824302884615 0.4028538509615384 0.7300641346153847 0.4068196081730769 0.7344209254807693 0.4089985384615385 0.7332801850961539
2 0.5686836706730769 0.6956297379807693 0.5724469855769231 0.6932000168269231 0.5710586514423077 0.6911698581730769 0.5670976875 0.6943923028846153 0.5686836706730769 0.6956297379807693
2 0.5633343725961538 0.6968220192307691 0.5680875288461539 0.6929550889423077 0.5661046490384616 0.6907766923076923 0.5619460384615385 0.6947918605769231 0.5633343725961538 0.6968220192307691
2 0.46521224759615387 0.6369932355769231 0.4590691586538461 0.6363035961538461 0.4600605985576923 0.6373927932692307 0.4648169495192308 0.6385786850961538 0.46521224759615387 0.6369932355769231
2 0.42234115624999996 0.52526371875 0.42689826201923076 0.524715923076923 0.4278865048076923 0.5207522980769231 0.4209528245192308 0.5232335600961538 0.42234115624999996 0.52526371875
2 0.16448435817307694 0.4247666009615385 0.15774193269230768 0.4163494903846154 0.15595989903846152 0.41843118990384615 0.16349451682692306 0.4262038149038462 0.16448435817307694 0.4247666009615385
2 0.19522964423076922 0.1621487860576923 0.19681882211538462 0.16843904567307694 0.19325475480769233 0.1726024495192308 0.19563452884615387 0.1757218076923077 0.20216971875 0.16977317307692308 0.20117508413461538 0.1636311514423077 0.19522964423076922 0.1621487860576923
2 0.17342277403846154 0.14576566346153846 0.185905 0.14382580288461538 0.18431581971153846 0.13753554326923076 0.1734195769230769 0.14071283653846153 0.17342277403846154 0.14576566346153846
2 0.27411593028846154 0.19781543269230767 0.27212825721153844 0.18805780048076923 0.2671742548076923 0.18766463221153848 0.27114320913461537 0.19707425 0.27411593028846154 0.19781543269230767
2 0.6278700985576923 0.60008396875 0.6209316225961538 0.5949859951923077 0.6191495889423078 0.5970676947115384 0.6276740480769232 0.6034031057692307 0.6278700985576923 0.60008396875
2 0.7947632716346154 0.6804273221153847 0.8044704254807692 0.6769535552884616 0.804864125 0.6728416923076923 0.7933749375 0.6783971610576922 0.7947632716346154 0.6804273221153847
2 0.51839678125 0.1374728269230769 0.5102788076923077 0.1472368533653846 0.5120656346153847 0.15273438701923078 0.522164891826923 0.14262234615384617 0.5217663966346154 0.13915497115384617 0.51839678125 0.1374728269230769
2 0.6354196201923077 0.9446621466346153 0.6411658125 0.944410826923077 0.6409665649038462 0.9426771370192307 0.6338336370192308 0.9434247139423076 0.6354196201923077 0.9446621466346153
2 0.8401387884615384 0.9923363509615384 0.8460842283653847 0.9938187163461538 0.8466771754807693 0.9914405384615385 0.8405340865384615 0.9907508990384616 0.8401387884615384 0.9923363509615384