3 1 0.6491549495192307 0.87800325 0.6401624158653847 0.8796690336538462 0.6566930216346154 0.9968748076923077 0.6673402163461539 1 0.666146358173077 1 0.6491549495192307
3 0.9277118028846154 0.6243008966346154 0.9517349350961539 0.6174731081730769 0.9641516153846154 0.6029079807692308 0.9627576514423077 0.5883114927884615 0.9463315889423077 0.574348389423077 0.9278041394230769 0.5735006947115384 0.9072084038461538 0.5813260336538462 0.896454016826923 0.5936852211538461 0.9003257427884616 0.6118781225961538 0.9099301177884616 0.6194037524038462 0.9277118028846154 0.6243008966346154
3 0.9143663774038462 0.571444608173077 0.9070341514423077 0.55669653125 0.8853476394230769 0.5380488557692308 0.8642082596153846 0.5420059615384616 0.8423875769230769 0.5317595024038462 0.8377056225961539 0.5358690673076923 0.8713383629807693 0.5646717259615385 0.8995729951923077 0.5784544831730769 0.9143663774038462 0.571444608173077
3 0.7550386442307692 0.49965840625 0.991542858173077 0.46099602884615387 0.9896069951923077 0.4518995793269231 0.7539513533653845 0.49192193749999996 0.7550386442307692 0.49965840625
4 0.7679014519230769 0.6940964447115385 0.7981015625 0.693796735576923 0.7881243052884616 0.6882958293269231 0.7806230625 0.6770230625 0.73905521875 0.6759619254807692 0.7185274399038462 0.6842707932692308 0.7185971418269231 0.6941225961538462 0.7435036947115384 0.6935806875 0.7679014519230769 0.6940964447115385
2 0.6536264423076923 0.568642826923077 0.6461217091346154 0.5386335168269231 0.6306818774038461 0.5363657259615384 0.6427343990384615 0.5706666850961539 0.6536264423076923 0.568642826923077
3 0.0764788125 0.46632992548076924 0.07726117307692307 0.47657464903846153 0.07512493509615384 0.48476415625 0.08323603125 0.49102041346153846 0.09596113221153847 0.4926835769230769 0.10515951682692307 0.5066763028846154 0.14595547115384616 0.5537023533653846 0.15715243990384617 0.5491702427884616 0.15172122596153848 0.5385927115384616 0.12955902163461538 0.5165603341346153 0.10464723317307692 0.48899742548076924 0.10671551682692308 0.4803243894230769 0.10165718509615385 0.4677221346153846 0.08099000721153846 0.4563274014423077 0.07019902403846154 0.4543924158653846 0.06212452163461538 0.4624303317307692 0.0764788125 0.46632992548076924
3 0.42026690384615384 0.24574839182692307 0.41969895673076923 0.24438848557692308 0.4218091826923077 0.24348715865384613 0.4217030216346154 0.24227539423076921 0.42335146153846154 0.24122593028846154 0.4237070817307692 0.24016230288461538 0.42643601682692306 0.23670346634615386 0.42771521153846154 0.23593611778846152 0.42797829567307694 0.2344422379807692 0.42971927403846155 0.2338230264423077 0.42952057451923076 0.23218100721153848 0.43172333894230774 0.2317099302884615 0.43106285336538464 0.22991977644230768 0.4337274014423077 0.2295968389423077 0.4326051298076923 0.22765854567307692 0.43573146394230766 0.22748374759615386 0.43414740865384616 0.22539731490384615 0.43568968750000003 0.22313608653846154 0.43773552884615385 0.22537065625 0.4497599110576923 0.21269210096153846 0.44802791586538465 0.20504624038461536 0.4464856370192308 0.20730747115384615 0.44611256490384615 0.20718912740384615 0.44494335817307695 0.20956870192307694 0.44419721875 0.2093320168269231 0.4434010793269231 0.21182993269230768 0.4422818701923077 0.21147490384615386 0.44185880048076925 0.2140911610576923 0.44036652403846155 0.21361779326923078 0.4365358269230769 0.21790356971153846 0.43877424519230773 0.218613625 0.43723196634615386 0.22087485336538462 0.43462047836538464 0.22004645673076922 0.3867367740384615 0.2736186610576923 0.3873184302884616 0.2759530072115385 0.3848214278846154 0.27576154807692305 0.38415457932692304 0.2780001658653846 0.38290607932692305 0.2779044375 0.38099073076923073 0.28004732451923076 0.3940481706730769 0.28418931009615384 0.3847945 0.2977566947115384 0.38513485817307697 0.3032970985576923 0.37867066826923074 0.30330160096153846 0.37203629567307694 0.30053590384615386 0.3725898966346154 0.30581153846153847 0.3695498245192308 0.3109113100961538 0.36145092548076924 0.30941977884615385 0.3547668966346154 0.31331763701923077 0.3572115528846154 0.3213564206730769 0.37397390384615387 0.31900062500000004 0.3735992740384615 0.311657076923077 0.3728666995192308 0.30844935576923077 0.3819878533653846 0.3046844519230769 0.38530504086538464 0.30606730048076924 0.3955904495192308 0.2819280817307692 0.4156400673076923 0.25253208413461536 0.41368676442307695 0.2507277620192308 0.41718234615384614 0.25027085096153845 0.41569082932692303 0.24861467067307694 0.418724625 0.24800962259615386 0.4176948918269231 0.24650157692307692 0.42026690384615384 0.24574839182692307
3 0.03573510817307692 0.3354729567307692 0.01238978846153846 0.3377677668269231 0.011441901442307693 0.34973490144230773 0.024743752403846152 0.3508239278846154 0.06896459855769231 0.35940148798076926 0.08518056730769231 0.3645186802884615 0.1074769375 0.37814984615384617 0.12855185096153846 0.3924457548076923 0.13557391346153846 0.3815972716346154 0.13492746394230767 0.37231960576923073 0.14456145432692308 0.3566663221153846 0.10848754567307693 0.33856142548076923 0.06554549759615384 0.3561017331730769 0.06572140144230769 0.35837805048076926 0.06247820673076923 0.3573546129807692 0.05368580769230769 0.3368947884615385 0.03573510817307692 0.3354729567307692
4 0.37855834134615385 0.5200259903846154 0.3819142932692308 0.50180346875 0.35690493509615384 0.49693594711538464 0.3400136514423077 0.5357977716346154 0.34585085576923075 0.5399082043269231 0.35426513461538456 0.5342879350961538 0.3614945552884615 0.5436265841346154 0.37021201682692306 0.5261297884615385 0.37855834134615385 0.5200259903846154
3 0.3309198173076923 0.5365827475961539 0.3554543581730769 0.5427496995192308 0.3577669615384615 0.5445026634615384 0.36000185817307695 0.54547996875 0.3600795649038462 0.5462556274038461 0.35745730288461536 0.5476455432692308 0.3602943581730769 0.5491205240384616 0.36239216586538464 0.54800859375 0.3631314134615385 0.5505955048076923 0.3647047692307692 0.5497615576923077 0.3659684663461539 0.5520704879807693 0.3670173701923077 0.5515145216346153 0.36880552163461544 0.55354546875 0.3693299735576923 0.5532674855769231 0.3716425769230769 0.5550204495192308 0.38171915144230767 0.5471942403846154 0.36509096875 0.5411488221153846 0.3625464134615385 0.5433143966346153 0.35314175480769233 0.5409967355769231 0.33926613942307693 0.5304789495192308 0.15370759375 0.45448996875 0.1447165625 0.460684375 0.3309198173076923 0.5365827475961539
3 0.27685691826923076 0.6758331177884614 0.24909448317307692 0.6466985216346154 0.2438357764423077 0.6513822235576924 0.24275372115384614 0.6717505697115385 0.27685691826923076 0.6758331177884614
3 0.15941227403846153 0.6276221538461539 0.14739300961538462 0.6200661033653846 0.07348358173076923 0.5993893629807693 0.06547877884615384 0.617279079326923 0.08689172596153846 0.6246243629807692 0.09904181971153846 0.6362299350961538 0.11081554086538462 0.6311236875 0.12247121153846154 0.6298554014423078 0.12283146874999999 0.6511304735576923 0.12568412259615386 0.6494778966346153 0.12603435576923078 0.6519699302884615 0.16446901201923078 0.6620434158653846 0.17623924278846154 0.6382006225961538 0.1738353894230769 0.6366894110576923 0.1751258173076923 0.6358917043269231 0.1714315360576923 0.635178201923077 0.17401239182692307 0.6335827884615385 0.17067211778846153 0.6266560336538463 0.15991598557692305 0.6296469495192307 0.15941227403846153 0.6276221538461539
3 0.30703783173076926 0.5724824110576923 0.3269906057692307 0.574115951923077 0.3304842115384616 0.5662287596153847 0.3232896418269231 0.5618160120192308 0.3262396033653846 0.5500605841346153 0.31571869951923076 0.5406914447115384 0.30716676442307694 0.5359763822115384 0.29672254086538463 0.5739321322115385 0.30703783173076926 0.5724824110576923
3 0.2283279375 0.46619135817307694 0.23786261298076922 0.4638651875 0.23592674759615384 0.4547687379807692 0.22306224759615387 0.43340197115384616 0.20724953125 0.43315890384615385 0.2283279375 0.46619135817307694
3 0.15173677403846153 0.07558852884615384 0.14708268509615385 0.04715090625 0.14063562980769231 0.04805698076923077 0.14464500961538462 0.07658521153846154 0.15173677403846153 0.07558852884615384
3 0.23652056971153845 0.035797497596153846 0.2353105480769231 0.03538525 0.23395557211538462 0.03750573557692308 0.23214053846153845 0.03688736298076923 0.2313905721153846 0.03921397355769231 0.22897052884615385 0.03838948317307692 0.22882557451923077 0.04092221153846154 0.2262605721153846 0.04263045192307692 0.22580051682692306 0.03989159615384615 0.21946049519230768 0.042895826923076925 0.22137806009615385 0.04484519230769231 0.22113057451923077 0.04604693028846153 0.20574057932692308 0.056296360576923075 0.18081474278846155 0.06262644951923077 0.18485374038461538 0.06797576442307693 0.223295625 0.04679455528846154 0.2236955721153846 0.04433868990384615 0.22630518028846153 0.0452868125 0.2533911826923077 0.031717141826923076 0.2416505673076923 0.032381019230769234 0.23908556971153846 0.034089257211538465 0.23848055769230767 0.033883134615384614 0.23652056971153845 0.035797497596153846
4 0.8067597379807693 0 0.8083225649038461 0.0040207692307692305 0.8341125408653846 0.009764742788461539 0.8542343317307692 0.00792296875 0.8706099975961539 0 0.8603545793269232 0 0.8517565697115385 0.004326555288461539 0.8496055576923076 0 0.8067597379807693 0
3 0.5417194591346154 0.5863426490384616 0.5030737091346154 0.6060732692307692 0.5051785889423077 0.61169440625 0.54223 0.5946532548076923 0.6138182884615385 0.5607086201923077 0.6141158100961538 0.5582262596153846 0.6166818197115386 0.5593508341346154 0.6171323245192308 0.5570547427884616 0.6177912524038462 0.556914420673077 0.6195453509615384 0.5579930480769231 0.6201488413461539 0.5558832283653846 0.62127928125 0.5555366658653846 0.6224088822115385 0.556635264423077 0.6231653533653846 0.5547117115384615 0.6247673149038462 0.5541589110576923 0.6252724158653845 0.5552774783653847 0.6261818677884615 0.5535401947115385 0.6281359447115384 0.5539196923076923 0.6282553485576923 0.55278115625 0.6291983822115385 0.5523686778846154 0.6309994783653846 0.5525619086538461 0.6317433798076924 0.5514034014423077 0.6338630120192307 0.5512041225961538 0.6352314110576922 0.5500256466346154 0.6367265408653846 0.5498463365384615 0.6510441995192308 0.5430574110576922 0.6504656322115385 0.5414745769230769 0.6539077307692308 0.541699625 0.6537116201923077 0.5401417980769231 0.6567712620192308 0.5403418389423077 0.656957608173077 0.5388090168269231 0.6596347932692308 0.5389840552884615 0.66020359375 0.5374762379807693 0.662498326923077 0.5376262692307692 0.6634495817307692 0.5361434591346154 0.6653618557692307 0.536268483173077 0.6666955673076923 0.5348106754807692 0.668225389423077 0.5349106995192308 0.6699415528846154 0.5334778966346154 0.6710889182692308 0.5335529134615384 0.6731875408653847 0.5321451153846154 0.6739524519230768 0.5321951274038461 0.6768159855769231 0.5308373413461539 0.6796795144230768 0.5294795552884616 0.6785242692307693 0.5212595576923077 0.6458498870192309 0.5366993990384615 0.6291223870192308 0.5439810961538462 0.617484579326923 0.5500544014423077 0.6176379134615384 0.5534844110576923 0.611099295673077 0.5593977764423077 0.5417194591346154 0.5863426490384616
2 0.8443792836538461 0.8406406658653847 0.8658270817307692 0.8529118485576923 0.8732899831730769 0.8405221706730769 0.8668742860576923 0.8276176009615385 0.86660071875 0.8163152115384615 0.8737935432692308 0.8113596875 0.8931713100961538 0.8229356346153847 0.9015158918269232 0.8074635649038462 0.9097925144230768 0.7915079663461538 0.9050739615384615 0.7813233581730769 0.8990328942307693 0.7757623365384615 0.9130125528846154 0.7723183846153846 0.9343226947115385 0.7742542379807692 0.9445369278846154 0.7767633605769231 0.9621809543269231 0.771325173076923 0.9763296322115385 0.7644059086538462 0.9529808221153846 0.7479641754807692 0.9266158389423077 0.7521626105769231 0.909649625 0.7530678173076922 0.8703870360576923 0.740341858173077 0.8546753798076924 0.7361399495192308 0.8494515240384615 0.7457495528846153 0.8346232908653846 0.7478335264423077 0.8228513149038462 0.7623080456730769 0.8303908990384615 0.7972432572115384 0.8330760192307692 0.8210268004807693 0.8443792836538461 0.8406406658653847
3 0.7048474735576923 0.6571016754807691 0.6838753653846154 0.6482151971153846 0.6720354350961538 0.6622061875 0.6564945408653846 0.6638972379807692 0.6627394735576922 0.6709088461538462 0.6781444567307692 0.6682507379807692 0.6979961706730768 0.6738431201923076 0.7048474735576923 0.6571016754807691
2 0.6403855144230769 0.34812469711538463 0.6683779399038462 0.33679442067307697 0.6571792259615384 0.3319582596153846 0.6376010793269231 0.3376682668269231 0.6403855144230769 0.34812469711538463
2 0.6183662043269231 0.3645324663461539 0.6173764831730769 0.33410061057692303 0.6044823701923077 0.33591275961538464 0.6032661490384615 0.3646823221153846 0.6183662043269231 0.3645324663461539
2 0.8438859855769232 0.1962546033653846 0.8550115096153846 0.17250242067307694 0.8422184567307693 0.17035572596153845 0.8278014471153846 0.1940774206730769 0.8438859855769232 0.1962546033653846
2 0.12393779807692308 0.21459930528846155 0.1318397908653846 0.19130015865384614 0.12169351682692307 0.18927456490384614 0.11192536057692307 0.21332906490384615 0.12393779807692308 0.21459930528846155
2 0.542628954326923 0.36827352403846153 0.5171421610576923 0.35065302644230767 0.512799983173077 0.35718023798076926 0.5311950144230769 0.3757974182692308 0.542628954326923 0.36827352403846153
2 0.3318834110576923 0.6089300625 0.32536490625 0.5906160649038461 0.31454081971153847 0.5931234495192308 0.31905724999999996 0.6112257427884615 0.3318834110576923 0.6089300625
2 0.21994332451923077 0.6310722548076922 0.22832624278846153 0.6392626298076922 0.23813099519230768 0.6295023028846154 0.2558081298076923 0.6196217475961538 0.23870600000000003 0.6195598942307693 0.21994332451923077 0.6310722548076922