2 0.4608709158653846 0.2635354759615385 0.46074534134615386 0.2564050024038461 0.463523625 0.25480851201923077 0.4644074663461539 0.24714733173076922 0.4489349663461538 0.2024625985576923 0.44379101682692307 0.19634118990384616 0.4402532764423077 0.1984727548076923 0.43311319711538465 0.2350861778846154 0.43260489423076925 0.24988218990384617 0.44310448317307694 0.26432201923076926 0.4478740841346154 0.27756517067307696 0.45599006009615384 0.29964 0.45787375 0.2919962740384615 0.4567578942307692 0.2843001875 0.45933406009615385 0.27995852403846155 0.46071782451923077 0.2723060673076923 0.4608709158653846 0.2635354759615385
2 0.5835184831730769 0.2991243725961538 0.5895558413461539 0.29703643990384615 0.5889016394230769 0.2915417283653846 0.5843736201923077 0.2931076778846154 0.5835184831730769 0.2991243725961538
2 0.6035609014423077 0.26821945432692307 0.6014846610576924 0.27256984615384616 0.6086761466346153 0.2759853485576923 0.6035609014423077 0.26821945432692307
2 0.684730360576923 0.2592180192307692 0.6938820817307693 0.2506044951923077 0.694294701923077 0.24129010336538462 0.6856524735576923 0.24936418990384615 0.684730360576923 0.2592180192307692
2 0.9216129639423076 0.21071322355769231 0.9246759182692308 0.16415871153846154 0.9201287620192308 0.1668209855769231 0.9165945889423077 0.2117222860576923 0.9216129639423076 0.21071322355769231
2 0.8702667091346155 0.2301051514423077 0.8849570528846153 0.23365154567307694 0.8858313245192307 0.22653852644230768 0.8721695336538461 0.2213650985576923 0.8702667091346155 0.2301051514423077
2 0.8836103725961538 0.22485477403846155 0.8956946586538461 0.22013074278846154 0.8963955144230769 0.20862806490384617 0.8825614951923076 0.21332155288461538 0.8836103725961538 0.22485477403846155
2 0.8812447067307693 0.21713687019230768 0.8949053100961539 0.2080537235576923 0.8945010697115384 0.20256337740384614 0.8820029735576923 0.20234522115384615 0.8812447067307693 0.21713687019230768
2 0.9065674086538462 0.21319224759615382 0.9011065192307692 0.21090361057692306 0.899270670673077 0.21580652884615384 0.908789548076923 0.22913257932692307 0.9131728557692308 0.2215324855769231 0.9065674086538462 0.21319224759615382
2 0.8386615000000001 0.17855886778846156 0.834921639423077 0.1779452596153846 0.8359525697115384 0.2048313846153846 0.8386615000000001 0.17855886778846156
2 0.7753744807692308 0.19445239423076924 0.7672226081730769 0.20308337019230768 0.7685979927884615 0.21023565384615386 0.775952139423077 0.2043324014423077 0.7785474423076924 0.19889441105769232 0.7753744807692308 0.19445239423076924
2 0.7840274663461538 0.20008672115384615 0.7897108028846154 0.2182807860576923 0.793834579326923 0.21122449038461538 0.7870939879807692 0.19630194471153845 0.7840274663461538 0.20008672115384615
2 0.662511264423077 0.2429286394230769 0.668942108173077 0.23262263701923078 0.6691430408653846 0.22111123076923075 0.662174 0.23360115625000002 0.662511264423077 0.2429286394230769
4 0.14567606009615386 0.3435730721153846 0.1455313485576923 0.3375389254807692 0.1424648293269231 0.3413237019230769 0.142330875 0.3489979735576923 0.14628242307692307 0.35180859375 0.14567606009615386 0.3435730721153846
4 0.6681527620192308 0.22054561778846155 0.6714417283653845 0.2326662668269231 0.6738444759615384 0.22393494230769231 0.6795744639423076 0.2251316153846154 0.6825931442307692 0.22408764903846154 0.6857553461538461 0.21482125240384614 0.6820035408653846 0.18624264903846152 0.6785818076923077 0.19605284615384616 0.6733912067307692 0.20692882451923078 0.6681527620192308 0.22054561778846155