1 0.5761208942307692 0.48767724038461535 0.5734513004807693 0.4864833653846154 0.5697103942307693 0.48443534375 0.5616379134615385 0.48115339903846155 0.5574337379807692 0.4793201225961538 0.5546830649038461 0.47654293028846156 0.5507510649038462 0.47539393990384615 0.5439583725961539 0.4739501081730769 0.5397715769230769 0.4739998293269231 0.5362565216346155 0.4748187668269231 0.5324229759615384 0.47713609375000005 0.5290353221153846 0.47735567548076924 0.5268000576923076 0.4800127283653846 0.5234471610576923 0.4839983028846154 0.5158322067307692 0.4942819447115384 0.5107246947115385 0.5025928221153846 0.5096707596153845 0.5036216682692308 0.5067174326923077 0.5076921778846154 0.5022005841346154 0.5151889519230769 0.5000463966346154 0.5194293221153846 0.49875505048076924 0.5235398774038461 0.49786327163461536 0.5277353629807693 0.4980428076923077 0.5327849975961538 0.49766061778846155 0.5345830649038461 0.5019284903846154 0.5361166634615384 0.5025365360576923 0.5371855576923077 0.5004112884615385 0.5373602572115385 0.4981586442307692 0.5381343125 0.4969773125 0.5397625120192308 0.49753903846153846 0.5430140817307693 0.499091 0.5455364807692308 0.500243391826923 0.5479739495192308 0.5019227500000001 0.5498969951923077 0.5054551826923077 0.5509610528846154 0.5079163028846154 0.5511709639423077 0.5119930817307693 0.55360359375 0.5161972572115384 0.5554368701923077 0.5195849134615385 0.5552172884615385 0.5219649519230769 0.5538438798076923 0.5231636634615385 0.5540986730769231 0.5266787163461538 0.553279735576923 0.5264702427884616 0.5522957716346154 0.5295857235576923 0.5513919014423077 0.5293424903846154 0.5466419423076924 0.5358803894230769 0.549284485576923 0.5443698197115384 0.554534358173077 0.5507166225961538 0.5580759326923077 0.5523612211538461 0.5562329831730769 0.5558588942307693 0.5535310480769231 0.5629816370192308 0.5475278245192308 0.5703591754807692 0.5403258870192308 0.5754840697115384 0.5338980096153846 0.5803367884615385 0.5267858413461538 0.5866256322115384 0.5168467620192307 0.5894341850961539 0.5114926105769231 0.5924512091346154 0.5071224278846154 0.5937425576923077 0.5030118725961539 0.5953697764423077 0.4992859254807692 0.5914203966346154 0.4962539399038462 0.5881427572115384 0.4939911706730769 0.5852009903846154 0.49211301201923074 0.5822592235576923 0.4902348509615385 0.5788541875 0.48857143750000004 0.5768563365384616 0.48814678125 0.5761208942307692 0.48767724038461535
1 0.49929947596153845 0.5465204447115385 0.5005792644230769 0.5483585600961539 0.5019227500000001 0.5498969951923077 0.5046560432692307 0.5507911899038461 0.5067175913461539 0.5509161682692307 0.5084432668269231 0.5506565384615384 0.5104237403846154 0.5491981971153846 0.5112055024038461 0.5474850649038461 0.5104526802884616 0.5451325264423077 0.5089644182692308 0.5423104495192308 0.5078757235576923 0.5395733052884615 0.5061326658653846 0.5379499399038461 0.5033356754807692 0.5373554206730768 0.5016736971153846 0.5373153725961538 0.4995484495192307 0.5374900721153846 0.4981586442307692 0.5381343125 0.49704101201923073 0.5394628341346154 0.4971220889423077 0.5410461538461538 0.4981470841346154 0.5440829783653846 0.49929947596153845 0.5465204447115385
4 0.7501771995192308 0.5509842860576923 0.7484052043269231 0.5534265913461538 0.7498934687500001 0.5562486682692308 0.7510632379807693 0.5605691322115385 0.7515960240384616 0.5678863725961538 0.75053053125 0.574863889423077 0.7495750552884615 0.5793590504807692 0.7504263341346153 0.5851779038461539 0.7515613461538462 0.585732375 0.7528874519230769 0.5853878149038462 0.7594427283653846 0.5899133533653846 0.7599175576923076 0.5837499375 0.7624191778846154 0.5739455096153846 0.764202733173077 0.5655545360576923 0.76665803125 0.5579327836538461 0.7696576778846154 0.5516796009615385 0.7728658004807692 0.5464103846153846 0.7758191249999999 0.5423398749999999 0.77279628125 0.5388783966346155 0.7698371346153846 0.5351172379807692 0.76534340625 0.5307166802884615 0.762592733173077 0.5279394879807693 0.7618399134615385 0.5255869519230769 0.7541206850961538 0.5245726129807692 0.755626326923077 0.5292776875 0.7518564783653846 0.5312953317307693 0.751155795673077 0.5345917860576923 0.7504551129807692 0.5378882403846154 0.7482198485576923 0.5405452908653846 0.7485267812499999 0.5449955697115384 0.7501771995192308 0.5509842860576923
2 0.01719334855769231 0.78701834375 0.02938884615384615 0.7689382475961538 0.020053959134615384 0.7657011875 0.007858459134615385 0.7837812836538463 0.01719334855769231 0.78701834375
2 0.18447802644230768 0.27507231971153845 0.17860613221153845 0.2869793269230769 0.18420011298076922 0.2881683653846154 0.1906163533653846 0.27762993028846156 0.18447802644230768 0.27507231971153845
2 0.18274102403846154 0.34611660336538463 0.18469837740384615 0.3565556009615385 0.19201803365384615 0.3574850072115385 0.18926154326923078 0.34687614903846153 0.18274102403846154 0.34611660336538463
2 0.22262756730769231 0.08773378605769232 0.23793862980769231 0.09036181971153846 0.23844821875 0.08796439903846154 0.22313715625 0.08533636538461538 0.22262756730769231 0.08773378605769232
2 0.24696084375 0.10292893028846153 0.24690296634615386 0.11106027403846154 0.2515704110576923 0.11267880528846154 0.25188308173076923 0.10334875240384614 0.24696084375 0.10292893028846153
2 0.22642651201923075 0.12487446153846153 0.23361877403846154 0.12640322355769232 0.23690797115384615 0.12271732451923077 0.22639175480769233 0.12110846875 0.22642651201923075 0.12487446153846153
2 0.24879095673076923 0.15719127403846153 0.24515432692307693 0.16644123076923079 0.2506209110576923 0.16822962259615387 0.25413014423076924 0.15957902163461538 0.24879095673076923 0.15719127403846153
2 0.1777951923076923 0.22792214423076923 0.16571545192307693 0.22973955288461537 0.16747588942307695 0.2332459158653846 0.17981042307692308 0.23022979567307691 0.1795208701923077 0.22766251442307692 0.1777951923076923 0.22792214423076923
2 0.3208757307692308 0.17564553846153846 0.33934859375 0.1751870264423077 0.33905904086538463 0.17261974278846154 0.31991443509615386 0.17230903605769232 0.3208757307692308 0.17564553846153846
2 0.3245584423076923 0.09937691826923077 0.3365803052884615 0.10569084855769231 0.33948731249999997 0.10380301442307692 0.32599456730769233 0.09655000480769231 0.3245584423076923 0.09937691826923077
2 0.40746046875 0.09444665625 0.39723380048076923 0.09540508173076923 0.3973959591346154 0.09857172115384616 0.4094756995192308 0.0967543076923077 0.40746046875 0.09444665625
2 0.4743449326923077 0.08235315144230769 0.45823473317307695 0.07955525721153847 0.4577251442307692 0.08195267788461538 0.4729088076923077 0.08518006490384616 0.47568842067307693 0.08389158653846153 0.4743449326923077 0.08235315144230769
2 0.41852087740384614 0.054200093750000004 0.4281105600961539 0.05623844230769231 0.4287475432692308 0.053241668269230776 0.4181039254807692 0.05223216586538461 0.41852087740384614 0.054200093750000004
2 0.4574006730769231 0.03239540865384615 0.46842648317307695 0.03160684615384615 0.4665386490384615 0.02869983653846154 0.45538544471153847 0.030087754807692307 0.4574006730769231 0.03239540865384615
2 0.4651953221153846 0.07038539423076923 0.46212615625000003 0.06910658894230769 0.4608174278846154 0.07133414663461538 0.4728392908653846 0.07764807692307693 0.47507455528846154 0.07499102644230769 0.4651953221153846 0.07038539423076923
2 0.4556866370192308 0.04831836778846154 0.46591330288461535 0.04735994230769231 0.46268198317307696 0.042914497596153844 0.452073125 0.04567099038461538 0.4556866370192308 0.04831836778846154
2 0.4756535024038462 0.03690160096153846 0.4820118653846154 0.03449450721153846 0.4766726778846154 0.03210675961538462 0.47044171153846154 0.03391449759615384 0.4756535024038462 0.03690160096153846
2 0.5609765456730769 0.15025556971153847 0.5625169471153846 0.1587266370192308 0.5661304567307692 0.16137401442307692 0.5686552740384616 0.16128424759615384 0.56589878125 0.15067538942307693 0.5609765456730769 0.15025556971153847
2 0.5498348221153846 0.12408282451923076 0.5458391201923077 0.12323351201923077 0.54532953125 0.12563093269230768 0.5556257163461539 0.13220449278846155 0.5585327259615385 0.1303166610576923 0.5498348221153846 0.12408282451923076
2 0.5519310504807693 0.10636179807692307 0.5599572091346153 0.11182641826923077 0.5645898966346153 0.10967895432692307 0.5540389182692308 0.10430410336538462 0.5519310504807693 0.10636179807692307
2 0.6189199495192308 0.14879026923076924 0.6155959903846154 0.14871017548076923 0.6152138004807692 0.15050823798076923 0.6203329543269231 0.15786068990384614 0.6253825889423077 0.15768115624999998 0.6189199495192308 0.14879026923076924
2 0.6693123365384616 0.22214492067307695 0.6615178509615384 0.22737892548076924 0.6652587572115384 0.22942694951923076 0.6741071778846154 0.22316409615384616 0.6735628341346154 0.22179552403846153 0.6693123365384616 0.22214492067307695
2 0.6471114711538462 0.5820106778846154 0.6324837932692307 0.5958151923076923 0.6376955841346154 0.598802295673077 0.6518136754807693 0.5873952019230769 0.6533771971153846 0.5839689326923077 0.6471114711538462 0.5820106778846154
2 0.7676193269230769 0.5612692836538462 0.7688122980769231 0.5753044086538461 0.7776028389423076 0.5771728966346154 0.7748115889423077 0.5627980456730769 0.7676193269230769 0.5612692836538462
2 0.55580109375 0.5832743870192307 0.5726409182692308 0.57871015625 0.5702087379807692 0.5744345745192307 0.5533341538461538 0.5752328125 0.55580109375 0.5832743870192307
2 0.6790306826923077 0.5693758557692308 0.6899869711538462 0.5610553052884616 0.6863734615384616 0.5584079278846154 0.6771080889423077 0.5627028533653846 0.6750349807692307 0.5685265432692308 0.6790306826923077 0.5693758557692308
2 0.6680397932692308 0.6171544062500001 0.6769229735576924 0.6146575432692308 0.6751625360576923 0.6111511802884615 0.6656076129807692 0.6128788245192308 0.6680397932692308 0.6171544062500001
2 0.6474573221153845 0.1442066923076923 0.6456737644230769 0.15259766586538462 0.6488703269230769 0.1532771153846154 0.6514530240384615 0.1450560048076923 0.6474573221153845 0.1442066923076923
2 0.6479785480769231 0.15747260096153845 0.6377518822115384 0.1584310264423077 0.6395123197115384 0.16193738942307692 0.6498663822115385 0.16037960817307692 0.6479785480769231 0.15747260096153845
2 0.5655975913461538 0.13244477884615385 0.5632001706730769 0.13193518990384615 0.5625631850961539 0.13493196634615384 0.56646625 0.14014662740384615 0.5704619495192308 0.1409959375 0.5655975913461538 0.13244477884615385
2 0.08790914423076922 0.16747161538461539 0.10254846153846153 0.16933043028846154 0.10251369951923077 0.16556443750000002 0.08787438221153845 0.163705625 0.08790914423076922 0.16747161538461539
2 0.1781430985576923 0.35203006249999996 0.16840290144230768 0.3624884014423077 0.17176161778846152 0.3663344903846154 0.18402663221153848 0.35578638221153847 0.1781430985576923 0.35203006249999996
2 0.17938151682692308 0.12615055288461538 0.17436664182692307 0.13009608413461538 0.17650926923076923 0.13180438221153848 0.1825780793269231 0.1268300048076923 0.17938151682692308 0.12615055288461538
2 0.24828152884615384 0.2028126875 0.2573616225961538 0.2072484591346154 0.25867035096153845 0.20502089903846155 0.24866371875 0.20101462259615385 0.24828152884615384 0.2028126875