2 0.46851065625 0.5100111538461538 0.4742451947115385 0.5179037716346154 0.4872725576923077 0.5029178990384615 0.4701559423076923 0.43288650240384613 0.4637587644230769 0.4239280625 0.45128148317307687 0.4369463605769231 0.46851065625 0.5100111538461538
4 0.2166419230769231 0.23534078605769232 0.20187955528846152 0.13192031971153845 0.20220847596153846 0.10440116105769232 0.17814561538461537 0.11808560336538461 0.17087389182692309 0.16448246875 0.1665859375 0.19837426201923075 0.16619885096153847 0.241678 0.2166419230769231 0.23534078605769232
3 0.4768873509615385 0.5157832788461538 0.4908566850961539 0.5116302307692308 0.49023985817307697 0.5078808100961538 0.47785831971153847 0.511164920673077 0.4749869326923077 0.511585608173077 0.4768873509615385 0.5157832788461538
3 0.7610812451923077 0.2460185096153846 0.7401392548076923 0.20891152884615385 0.7230195408653847 0.23395382932692307 0.7122551418269231 0.2511533894230769 0.7136974399038463 0.2821870120192308 0.721724108173077 0.2919599158653846 0.7321760625 0.28481153365384615 0.7383978894230769 0.26553479807692304 0.7602605769230769 0.27483844471153845 0.768587 0.25742559134615384 0.7610812451923077 0.2460185096153846
4 0.8553116057692307 0.5750952403846153 0.8498147043269231 0.5752862259615384 0.850094545673077 0.630406576923077 0.8546832716346154 0.6600357235576924 0.859446326923077 0.6271933461538463 0.8553116057692307 0.5750952403846153
4 0.9100973942307693 0.2167259783653846 0.9051675600961538 0.24283475721153847 0.9088307884615384 0.2441630985576923 0.9143523990384614 0.21777014423076924 0.9100973942307693 0.2167259783653846
2 0.8207239254807692 0.04597086298076923 0.818911014423077 0.04077299759615384 0.8152270264423076 0.04616184615384615 0.8226953750000001 0.0666363173076923 0.8219701105769232 0.05548650240384615 0.8207239254807692 0.04597086298076923
2 0.61637725 0.16986392067307693 0.604245875 0.18324843028846155 0.6054378389423077 0.1890638701923077 0.6177275841346154 0.1760291658653846 0.61637725 0.16986392067307693
2 0.6695096129807693 0.6468586802884615 0.6689097692307692 0.6709946322115384 0.6741024567307693 0.6721208341346153 0.6747023028846153 0.6479848846153846 0.6695096129807693 0.6468586802884615
2 0.5375157716346154 0.14247146153846152 0.5417543052884615 0.16098360576923076 0.5448173485576923 0.15621232932692308 0.5401745721153847 0.13800076923076923 0.5375157716346154 0.14247146153846152
2 0.5081358245192308 0.21045063461538463 0.49607102403846154 0.21443435817307693 0.49671290384615385 0.22221737500000002 0.5081150649038462 0.2171678269230769 0.5081358245192308 0.21045063461538463
2 0.6951017283653846 0.9850481153846153 0.6802947403846153 0.9901357307692307 0.6815283966346153 0.9976345697115385 0.6943725144230769 0.9933830769230769 0.6951017283653846 0.9850481153846153