2 0.7259255841346154 0.7016635625000001 0.7205701057692308 0.7023549182692308 0.7199952211538462 0.705148860576923 0.6969206081730769 0.7087285120192307 0.6788920432692307 0.7123841201923077 0.6871963149038461 0.7287373317307692 0.7122418509615385 0.7238280072115385 0.7533978004807692 0.7181039230769231 0.8076593990384615 0.7121743509615384 0.8087667956730769 0.6957446466346154 0.7892542379807692 0.6954173605769232 0.7654728125 0.698013014423077 0.76204428125 0.6961153846153846 0.7553279447115385 0.6963499230769231 0.7462169158653846 0.6954072379807692 0.7385722860576922 0.6979437235576923 0.7259255841346154 0.7016635625000001
2 0.6423152019230769 0.7625823413461539 0.64663684375 0.7611705769230769 0.6577451850961539 0.7615391778846153 0.6550826322115384 0.7238066923076923 0.6547252235576924 0.6943153125 0.6574925120192308 0.6869057548076923 0.6596409399038462 0.6810308269230769 0.6692285096153847 0.6859915841346154 0.6709651610576923 0.6586966057692307 0.6706565192307692 0.6017170240384615 0.6858522283653846 0.5747085552884615 0.6807653990384614 0.5542082716346154 0.6655345120192308 0.5802092908653846 0.6753131730769231 0.552129139423077 0.6604364831730769 0.5208752596153846 0.6549386826923077 0.5271193197115385 0.6530221298076923 0.5203776634615385 0.6377984375 0.5562130504807692 0.6349991778846154 0.6493614399038462 0.6360937884615385 0.70959178125 0.6316410240384616 0.75539 0.6423152019230769 0.7625823413461539
3 0.4526106610576923 0.5775579663461539 0.4617216923076923 0.5785006490384615 0.49211550961538464 0.5630655985576923 0.4965267019230769 0.554589954326923 0.4946893028846154 0.5501150649038462 0.4906331177884615 0.5495001971153847 0.48085924759615384 0.5488328317307692 0.45452161778846156 0.5648827451923076 0.44968665384615386 0.5708514903846154 0.4526106610576923 0.5775579663461539
3 0.4949987355769231 0.5493477475961538 0.48899800721153847 0.5508181466346154 0.4884583028846154 0.5546195408653847 0.49353953125 0.5557029471153846 0.4961205240384615 0.55258678125 0.4949987355769231 0.5493477475961538
3 0.5263800384615385 0.7066144879807692 0.5311254495192308 0.7077096249999999 0.53578290625 0.7062861322115384 0.5342989182692308 0.7023032403846153 0.526248108173077 0.7028365480769231 0.5263800384615385 0.7066144879807692
3 0.5147240024038461 0.7579598125 0.5152725024038461 0.7544102836538461 0.5068770817307692 0.7547034567307692 0.5063021947115385 0.7574973990384616 0.5147240024038461 0.7579598125
3 0.5073352259615385 0.7100534158653846 0.4999912331730769 0.7115707211538461 0.4998033365384615 0.7254466177884615 0.5000496033653846 0.7324987716346154 0.5018166394230769 0.7349587620192307 0.5009499134615385 0.7390237451923076 0.5074695576923077 0.7524132403846154 0.5066204230769231 0.7569819495192308 0.5143442091346154 0.7567122283653845 0.5162095913461539 0.752360201923077 0.5180397908653845 0.7470007259615384 0.5211868749999999 0.7408387524038461 0.5200123149038461 0.7360885432692308 0.5185635048076923 0.7331131009615385 0.5204200913461539 0.7285092115384615 0.5188233605769231 0.7116695985576923 0.5143961754807692 0.7100590120192307 0.5073352259615385 0.7100534158653846
3 0.4789107355769231 0.7337412980769231 0.48939141826923077 0.7353926610576923 0.4933596538461539 0.7334888990384615 0.49257368028846155 0.7302381394230769 0.4894841658653846 0.7091637692307693 0.48408471153846155 0.7085958125 0.4780312139423077 0.7085550360576923 0.47169467067307697 0.7100371610576922 0.46889939423076926 0.726273639423077 0.4668389206730769 0.7346671923076923 0.47328100721153843 0.7362074182692309 0.4789107355769231 0.7337412980769231
3 0.48171880528846156 0.7467560649038462 0.48999109375 0.7429368125 0.49729990625 0.7404120552884615 0.4894090096153846 0.7358963870192308 0.4806162043269231 0.7344382500000001 0.4749776802884615 0.7366525096153846 0.4600594206730769 0.7427211995192308 0.45552509375 0.7476707692307692 0.46291306249999997 0.7474127764423077 0.4791202235576923 0.7493685072115385 0.48171880528846156 0.7467560649038462
3 0.6561892475961538 0.8710351802884616 0.6383221947115385 0.8600593028846154 0.6400004855769231 0.9177475649038461 0.6450201466346154 0.9170679375 0.6504371923076923 0.9181396177884615 0.6565978317307692 0.9116202403846153 0.6663573052884615 0.8926188701923077 0.6665451995192307 0.8787429735576923 0.6561892475961538 0.8710351802884616
2 0.35387808653846153 0.33060122596153846 0.3356120504807692 0.3274565432692308 0.33470134615384617 0.3302622139423077 0.3533295865384615 0.3341507572115385 0.35387808653846153 0.33060122596153846