3 0.648803889423077 0.5523704423076923 0.65112871875 0.5515359759615385 0.6522097379807692 0.5401122331730769 0.6518181225961539 0.5317472139423077 0.6496701370192308 0.528050079326923 0.6473982620192308 0.5268198870192308 0.6481955408653846 0.5170053052884616 0.6491696682692307 0.502659125 0.6499489663461537 0.4911821802884615 0.6500538966346153 0.48000112259615385 0.6498930649038462 0.47209159375000004 0.6476921225961539 0.47045911298076926 0.6464322956730769 0.47231096394230765 0.6451374927884616 0.4778898317307692 0.6438256899038461 0.4888580865384615 0.6435609134615384 0.4991813605769231 0.6434559855769231 0.5103624158653847 0.6431742115384615 0.5260750721153846 0.6413818822115385 0.5274182307692308 0.6398912692307692 0.5288145889423077 0.6378331802884615 0.5334292740384615 0.6372127475961539 0.5387122548076924 0.6369120120192308 0.5457108004807693 0.6376583004807692 0.5520643677884615 0.648803889423077 0.5523704423076923
4 0.7410210600961539 0.4263549495192308 0.7311921826923077 0.4503393557692308 0.7326657956730769 0.4543323798076923 0.7435416947115385 0.4297029927884616 0.7410210600961539 0.4263549495192308
2 0.9895625576923077 0.5747087307692308 0.9639684975961539 0.5610702427884615 0.9599582307692308 0.5661703028846155 0.9870788605769231 0.5817371610576922 0.9895625576923077 0.5747087307692308
2 0.8996629639423077 0.39293762740384613 0.8886912740384615 0.36694471153846153 0.8832963076923076 0.3693118197115384 0.8941261274038462 0.3961093173076923 0.8996629639423077 0.39293762740384613
2 0.5792397451923077 0.6010797812500001 0.584740625 0.5945833605769231 0.5847046658653846 0.5912586346153846 0.5619159615384615 0.5864107740384615 0.5608169639423077 0.5961721538461539 0.5792397451923077 0.6010797812500001
2 0.26271559134615385 0.5154025432692307 0.2688918221153846 0.5156619807692308 0.26825046394230767 0.4981273581730769 0.26920759134615385 0.4891705600961539 0.2619663557692308 0.4878937355769231 0.26271559134615385 0.5154025432692307
2 0.37661 0.1870545 0.38807921634615383 0.21728312740384614 0.39180574278846153 0.21379223076923076 0.38122370432692304 0.18206084134615383 0.3780646538461539 0.18233341346153847 0.37661 0.1870545
2 0.890120391826923 0.17887820673076923 0.8875987716346153 0.16847841346153844 0.882487545673077 0.1692363605769231 0.8849032524038462 0.18376546153846154 0.8926420120192307 0.18927799759615385 0.9011960288461538 0.18663831730769231 0.9016216370192307 0.18422457211538462 0.8980010192307692 0.1835861610576923 0.890120391826923 0.17887820673076923
2 0.8469966153846153 0.2011398076923077 0.8710261875 0.19542170913461537 0.8706345721153846 0.1870566875 0.8431262572115384 0.19133179326923078 0.8380869447115384 0.19873919711538462 0.8469966153846153 0.2011398076923077
2 0.8744310528846154 0.17611175240384616 0.8804654158653846 0.1771757716346154 0.8849712403846154 0.16220793028846153 0.8902583317307692 0.14986663701923078 0.877124608173077 0.1467212091346154 0.8744310528846154 0.17611175240384616
2 0.6288364807692308 0.16101309615384615 0.6337639879807693 0.11542452403846154 0.6281911923076924 0.11527148557692309 0.6215952451923077 0.15973627163461537 0.6288364807692308 0.16101309615384615
2 0.5001405072115385 0.2345537644230769 0.5239203317307692 0.2196660625 0.5217543677884615 0.2143065625 0.4996070240384615 0.22699332692307694 0.5001405072115385 0.2345537644230769
2 0.30154399759615386 0.23520850961538461 0.3031385576923077 0.21557934615384616 0.29650075961538463 0.21440892307692308 0.29536776923076924 0.23494906971153845 0.30154399759615386 0.23520850961538461
2 0.14612746875 0.10742315625 0.14900277884615384 0.10875974759615385 0.15474947115384616 0.0832259423076923 0.15354260096153846 0.08301313942307692 0.14612746875 0.10742315625
2 0.21959694951923078 0.06479481490384616 0.22311165384615383 0.06956253846153847 0.22534756971153846 0.067468 0.22438651442307694 0.04821781009615385 0.2204821610576923 0.04918856009615384 0.21959694951923078 0.06479481490384616
2 0.14453880288461537 0.16936280048076924 0.13697787259615385 0.16637041105769232 0.13616261538461538 0.174522625 0.14386541346153844 0.17671043509615383 0.14453880288461537 0.16936280048076924
2 0.7736795865384616 0.8286608485576923 0.7577045456730769 0.8134000649038462 0.7517780600961538 0.8223102283653846 0.7698471490384615 0.8362810552884615 0.7736795865384616 0.8286608485576923