3 0.4715523822115385 0.6551644086538461 0.47274025721153845 0.657330076923077 0.48419246394230775 0.65661071875 0.4923932331730769 0.6549153485576924 0.49570883173076924 0.6522154471153846 0.4965684783653846 0.6497790985576923 0.5063869471153846 0.6490312235576923 0.5207088918269231 0.6477491201923077 0.5321664423076923 0.6467234350961538 0.5432262596153846 0.64507796875 0.5510132475961538 0.6436817956730769 0.552281326923077 0.6412525769230769 0.5502551971153846 0.6402979519230769 0.5445424591346154 0.6398918173076923 0.5335040336538461 0.6403119783653846 0.5232664350961538 0.6416653774038461 0.5122066225961539 0.6433108437499999 0.4966433365384615 0.6454905384615385 0.4950363317307692 0.6439303918269231 0.4934239831730769 0.6426765721153846 0.48854415625 0.6413657163461538 0.4832291610576923 0.6415793629807692 0.4762697331730769 0.6423771418269231 0.47011113221153844 0.6441081586538462 0.4715523822115385 0.6551644086538461
4 0.6104423581730769 0.7265330673076923 0.5852156634615384 0.7205771850961539 0.5815023245192308 0.7226573052884615 0.6075298485576923 0.7295464182692307 0.6104423581730769 0.7265330673076923
2 0.5027955144230769 0.9952222524038461 0.512262298076923 0.967809766826923 0.5065976850961539 0.9646466971153846 0.4954650793269231 0.9938686201923077 0.5027955144230769 0.9952222524038461
2 0.6682653197115385 0.8779942043269231 0.6922218677884615 0.8630914062499999 0.6890399447115385 0.8581331586538461 0.6642665264423078 0.8730216971153847 0.6682653197115385 0.8779942043269231
2 0.4125605048076923 0.5940765336538462 0.4198374711538462 0.5984934230769231 0.4231156418269231 0.5979378052884615 0.4243388774038461 0.5746712956730768 0.41452575480769227 0.5751128461538462 0.4125605048076923 0.5940765336538462
2 0.4476676298076923 0.2680464447115385 0.44837755769230764 0.27418721874999996 0.46559597115384616 0.2708107403846154 0.47459222596153844 0.2703549302884615 0.4747205504807692 0.2630031081730769 0.4476676298076923 0.2680464447115385
2 0.789790173076923 0.32917367548076926 0.7617278918269231 0.3452304831730769 0.765758764423077 0.3483650360576923 0.79544409375 0.3329493942307692 0.7946806923076923 0.32987187740384616 0.789790173076923 0.32917367548076926
2 0.8781965264423076 0.8350828461538462 0.8880738125000001 0.8309653846153846 0.8865256250000001 0.82603565625 0.8725533004807692 0.8306944735576922 0.8683192427884615 0.8392003076923077 0.8722645673076923 0.8472360721153845 0.874715173076923 0.8472788485576923 0.8747793365384615 0.8436029375 0.8781965264423076 0.8350828461538462
2 0.8494629567307693 0.7959724783653847 0.8588697115384616 0.8188116971153847 0.8670704831730769 0.8171163269230769 0.8585447596153847 0.7906154567307693 0.8504402331730769 0.7867969615384616 0.8494629567307693 0.7959724783653847
2 0.8784745673076924 0.8191539014423077 0.8783676298076923 0.8252804182692308 0.8938560576923076 0.8273892836538461 0.9068724951923077 0.8306806802884614 0.9079246274038462 0.8172165985576924 0.8784745673076924 0.8191539014423077
2 0.8549678798076923 0.5742210552884616 0.9007660120192308 0.5719562716346154 0.9000453894230769 0.5664281466346154 0.855096204326923 0.5668692331730769 0.8549678798076923 0.5742210552884616
2 0.7622001322115385 0.45861383653846155 0.7806245264423077 0.47977194471153845 0.7855792091346154 0.47679423557692313 0.7695840336538461 0.4569042091346154 0.7622001322115385 0.45861383653846155
2 0.7304861105769231 0.26256480528846154 0.7501230480769231 0.2610690552884615 0.7502406802884616 0.25432988461538464 0.7297761802884615 0.25642403125 0.7304861105769231 0.26256480528846154
2 0.8323857115384615 0.08907167788461538 0.8315153725961538 0.09212067788461538 0.857633795673077 0.09380225240384615 0.8576551826923077 0.09257694951923078 0.8323857115384615 0.08907167788461538
2 0.8859823846153846 0.15496808653846153 0.8818231826923076 0.1591853533653846 0.8842417067307693 0.16106608653846152 0.9031045528846153 0.15710546875 0.9015349783653845 0.15340104326923076 0.8859823846153846 0.15496808653846153
2 0.770960125 0.09719206730769231 0.7727328822115385 0.08925611057692308 0.7645535 0.08972617788461539 0.7635976105769231 0.09767639182692307 0.770960125 0.09719206730769231
2 0.9658406346153845 0.2611573894230769 0.9837903653846154 0.26269637980769234 0.9846927860576924 0.2578094230769231 0.9634755793269231 0.2562133990384615 0.9658406346153845 0.2611573894230769
2 0.21819843028846153 0.8217240216346154 0.23077228125 0.8035583461538462 0.22104471153846153 0.7990986826923077 0.2100725168269231 0.819130829326923 0.21819843028846153 0.8217240216346154